EventID,NETSTATIONID,LATITUDE,LONGITUDE,MAGNITUDE
1996086,CI.SNCC,34.55,-117.43,nan
4768129,UU.ALT,40.86,-112.18,7.43429957762
3323713,US.MSO,40.43,-117.22,5.76523609092
769014,CI.ISA,34.55,-117.43,5.0831858319
2874984,CI.IRM,34.55,-117.43,4.4736945713
1996086,IM.NV31,48.26,-117.13,7.32468917286
914505,AZ.CRY,33.62,-116.47,6.01177784766
2842975,IM.NV09,48.26,-117.13,6.57402224662
2832575,CI.SBC,34.55,-117.43,4.43994630082
2844129,CI.RPV,34.55,-117.43,7.55672284974
3320897,LD.BRNJ,43.38,-73.67,5.54355691575
2634387,AZ.FRD,33.62,-116.47,5.09613384091
2160222,CI.GRA,36.44,-118.08,6.22047276792
4417721,UU.NOQ,40.86,-112.18,7.68472668318
3327016,TA.SFIN,27.06,-98.68,7.98547129726
2218025,TA.M04C,48.72,-122.71,6.26969547172
3334411,IU.COR,44.59,-123.30,4.11158269943
3378043,CI.FUR,34.55,-117.43,5.15352399439
843259,CI.SDD,34.55,-117.43,5.93112906878
4599933,TA.G03D,48.72,-122.71,5.93839255467
4218655,UU.CWR,40.86,-112.18,7.63856503495
628690,CI.SVD,34.55,-117.43,3.20337780772
2729575,IU.TUC,34.95,-106.46,6.55942063454
2592787,IM.NV07,48.26,-117.13,5.20940837319
4417721,CI.Q0018,34.55,-117.43,7.9084359125
4218655,CI.SLA,34.55,-117.43,6.88127741077
628690,CI.VTV,34.55,-117.43,3.58567962033
3320897,PO.PECO,43.61,-80.06,4.5861234338
843259,CI.CHF,34.55,-117.43,6.39055704178
4768129,CI.USC,34.55,-117.43,6.79828624427
4768129,CI.BAR,34.55,-117.43,6.40686620848
2828683,CI.SBC,34.55,-117.43,3.68344628321
4768129,UU.BGU2,40.86,-112.18,4.87778820966
4417721,CI.Q0011,34.55,-117.43,7.82690224303
2793821,CN.BBB,48.93,-123.74,4.21522258797
4768129,CI.Q0020,34.55,-117.43,6.51103930368
4768129,UU.BYP,40.86,-112.18,8.0669225385
2634387,CI.SVD,34.55,-117.43,4.41208134268
2729575,CI.RPV,34.55,-117.43,6.92378491077
3334411,CI.SCZ2,34.55,-117.43,6.13878232628
4218655,IM.NV04,48.26,-117.13,6.11641998653
2844129,IM.NV07,48.26,-117.13,5.96616421994
2729575,AZ.MONP2,33.62,-116.47,5.90266442447
3334467,TA.B05D,48.72,-122.71,6.54588504333
2708906,CI.FUR,35.13,-118.83,5.70968973233
3337553,BK.WDC,40.88,-124.08,4.58096392266
2218025,CI.PHL,36.44,-118.08,nan
3327016,TA.WHTX,27.06,-98.68,5.98105429811
4768129,TA.214A,32.89,-117.11,6.71144633355
4768129,UU.CWU,40.86,-112.18,9.03728087181
1486703,CN.LLLB,48.93,-123.74,4.78029661382
4218655,UO.DBO,44.20,-122.99,5.21748188566
3321934,TA.C06D,48.72,-122.71,6.03403740196
3320897,LD.SDMD,43.38,-73.67,6.46630952858
3327016,TA.BGNE,27.06,-98.68,7.88599118675
4223014,TA.J01E,48.72,-122.71,4.92040719334
3334007,US.NEW,44.85,-117.31,5.86434341047
2634387,CI.BAK,34.55,-117.43,5.33505032295
3334467,IM.NV10,48.26,-117.13,5.20878210054
4482428,CI.TIN,35.13,-118.83,7.89360922723
4768129,UU.NOQ,40.86,-112.18,7.26063115451
2842975,AZ.FRD,33.62,-116.47,7.31091866416
914505,AZ.SND,33.62,-116.47,6.06159168257
351741,AZ.LVA2,33.62,-116.47,3.9860803648
3337553,IM.NV01,48.26,-117.13,6.29625675495
628690,CI.TIN,34.55,-117.43,3.17766811854
3327016,US.NATX,34.88,-101.68,5.36945398473
4417721,IM.NV07,48.26,-117.13,7.23369891799
4218655,AZ.SOL,33.62,-116.47,4.9199706767
4768129,UU.MSU,40.86,-112.18,9.05894929304
3321934,TA.I04A,48.72,-122.71,4.24189186987
4368968,TA.J05D,48.72,-122.71,6.73575979294
3337553,TA.F04D,48.72,-122.71,6.71279391791
4218655,UU.NLU,40.86,-112.18,5.84708004948
4417721,CI.QSD06,34.55,-117.43,7.73939988462
727122,CI.ISA,34.55,-117.43,4.56065670926
4417721,UU.ELE,40.86,-112.18,8.73780934025
2729575,AZ.KNW,33.62,-116.47,5.91837242269
3321934,US.NEW,44.85,-117.31,6.89505675081
2844129,CI.MPM,34.55,-117.43,6.22875162588
4218655,UU.CVH,40.86,-112.18,6.59937362464
4417721,UU.BGU,40.86,-112.18,7.64875034708
2729575,CI.GSC,34.55,-117.43,nan
3377755,BK.HUMO,40.88,-124.08,6.14581767644
3334411,AZ.BSAP,33.62,-116.47,7.98638441371
3334467,TA.F05D,48.72,-122.71,6.41074334872
3320897,LD.FMPA,43.38,-73.67,5.52885166964
3334007,TA.F05D,48.72,-122.71,5.19196667964
3323713,TA.O02D,48.72,-122.71,6.23375363153
4218655,UU.UHP,40.86,-112.18,8.19465703902
4482428,TA.E04D,48.72,-122.71,6.91877578916
4218655,UU.ICF,40.86,-112.18,6.72863837943
329307,CI.DGR,34.55,-117.43,10.9656954145
4218655,AZ.LVA2,33.62,-116.47,5.80383815846
3320897,LD.KSPA,43.38,-73.67,5.43626517606
2874984,IU.ANMO,34.95,-106.46,5.81172257435
4417721,UU.SCC,40.86,-112.18,8.83055411512
4482428,TA.I05D,48.72,-122.71,7.06615594129
628690,CI.USC,34.55,-117.43,3.09595503099
4218655,UU.HAFB,40.86,-112.18,6.87603470305
4368968,TA.D03D,48.72,-122.71,6.95159046437
3334467,IM.NV02,48.26,-117.13,5.18329725707
4482428,CI.SLA,35.13,-118.83,7.37370924024
3378043,CI.CIA,34.55,-117.43,5.67536362808
3327016,IU.ANMO,34.95,-106.46,5.88973469272
3378043,CI.USC,34.55,-117.43,5.65103619493
2729575,CI.EDW2,34.55,-117.43,6.80953478457
3334467,TA.E04D,48.72,-122.71,6.48179607163
3378043,CI.SHO,34.55,-117.43,4.19051475031
1996086,CI.GSC,34.55,-117.43,nan
2874984,CI.GSC,34.55,-117.43,nan
3320897,PO.STCO,43.61,-80.06,5.0712463143
3378043,IU.ANMO,34.95,-106.46,7.25796647862
3320897,US.GLMI,42.30,-83.66,5.75085544535
2874984,CI.ARV,34.55,-117.43,4.25648828951
4768129,AZ.CSLB,33.62,-116.47,7.44138977119
3327016,US.CBKS,34.88,-101.68,5.23641177383
2340117,CI.LRL,34.55,-117.43,6.29167362766
914505,AZ.SOL,33.62,-116.47,5.96975668873
3321934,US.NEW,44.85,-117.31,6.89505675081
3378043,CI.SLA,34.55,-117.43,5.24693762055
3320897,PO.TOBO,43.61,-80.06,4.65479089757
3580118,TA.K04D,48.72,-122.71,5.41689991504
2861200,CI.GRA,34.55,-117.43,5.82575793761
2592787,CI.PHL,37.63,-118.84,nan
4417721,CI.Q0076,34.55,-117.43,7.75838133896
4768129,CI.SVD,34.55,-117.43,6.52990676972
4417721,CI.Q0069,34.55,-117.43,8.08039944892
4768129,IU.COR,44.59,-123.30,5.85566032541
914505,UO.DBO,44.20,-122.99,4.20776746328
3334467,TA.I03D,48.72,-122.71,6.78378559313
306450,CI.ISA,34.55,-117.43,3.70143931655
4417721,CI.Q0009,34.55,-117.43,7.80211828415
262373,CI.ISA,34.55,-117.43,3.68128083665
727122,CI.SBC,34.55,-117.43,4.13615880642
2844129,CI.ARV,34.55,-117.43,6.06956810958
4482428,IM.NV02,48.26,-117.13,5.34855010691
3323713,BK.CMB,40.88,-124.08,3.82819771709
628690,LB.DAC,40.43,-117.22,2.18741189783
4768129,UU.OF2,40.86,-112.18,7.51052740301
1684371,CI.GLA,34.55,-117.43,nan
455484,CI.SMTC,34.55,-117.43,7.58325657379
2842975,CI.IRM,34.55,-117.43,7.42956884988
914505,CI.TIN,34.55,-117.43,6.47404669067
4768129,CI.RPV,34.55,-117.43,5.73345799122
2844129,CI.FUR,34.55,-117.43,6.11321074062
2768223,IU.ANMO,34.95,-106.46,5.52542316985
4223014,UO.BUCK,44.20,-122.99,5.26696984965
3334007,TA.H04D,48.72,-122.71,4.35008306772
3334467,IM.NV11,48.26,-117.13,5.458767513
914505,LB.DAC,40.43,-117.22,4.49605906245
2729575,CI.SDD,34.55,-117.43,6.80456968179
255939,II.PFO,34.95,-106.46,4.88057319293
4482428,IM.NV05,48.26,-117.13,5.54357793116
3378043,US.DUG,40.43,-117.22,5.69582669437
4218655,BK.SAO,40.88,-124.08,4.19234832907
4482428,CI.SCZ2,35.13,-118.83,5.72871536103
4417721,US.DUG,40.43,-117.22,6.31757002097
2004466,AZ.CSLB,33.78,-118.11,7.73839203753
843259,AZ.PFO,33.62,-116.47,5.67907107189
306450,CI.SBC,34.55,-117.43,4.3407112454
2340117,IU.RSSD,34.95,-106.46,4.59564232014
4218655,UU.DWU,40.86,-112.18,7.50732545484
3320897,LD.PAL,43.38,-73.67,5.91459174989
4482428,TA.B05D,48.72,-122.71,6.4826565499
2874984,CI.TUQ,34.55,-117.43,3.81801989354
2842975,AZ.RDM,33.62,-116.47,7.27010297783
3321934,TA.I05D,48.72,-122.71,5.67296241551
3337553,TA.L04D,48.72,-122.71,6.94376781829
329122,CI.DGR,34.55,-117.43,11.1239918604
2874984,AZ.RDM,33.62,-116.47,4.42805842919
3334007,CN.LLLB,48.93,-123.74,3.42042449993
2729575,AZ.SMER,33.62,-116.47,6.00156804354
2861200,CI.TIN,34.55,-117.43,7.79930218969
4417721,CI.DEC,34.55,-117.43,8.65343282938
2861200,CI.MPM,34.55,-117.43,7.96452983498
3321934,TA.J05D,48.72,-122.71,5.58253655977
1340890,LB.BMN,40.43,-117.22,4.92305550307
3378043,LB.BMN,40.43,-117.22,5.22012041706
2340117,AZ.KNW,33.62,-116.47,6.81358147023
2861200,CI.CHF,34.55,-117.43,7.71503768047
4417721,BK.SAO,40.88,-124.08,4.31424608184
3377755,IU.COR,44.59,-123.30,4.49869270963
4368968,IU.COR,44.59,-123.30,3.94922566384
4768129,TA.M02C,32.89,-117.11,6.78681489589
2842975,CI.SVD,34.55,-117.43,8.11008559608
4417721,IM.I56H3,48.26,-117.13,nan
2844129,IM.NV01,48.26,-117.13,5.95136521054
3334007,CN.VIB,48.93,-123.74,-0.004240092367
4417721,CI.Q0013,34.55,-117.43,7.78758883626
2842975,IU.COR,44.59,-123.30,5.34222223577
4768129,UU.OCP,40.86,-112.18,7.80129391229
1835120,IU.COR,44.59,-123.30,4.72738134833
4768129,UU.HEB,40.86,-112.18,8.14527521289
2160222,IM.NV31,48.26,-117.13,3.87551612042
843259,CI.USC,34.55,-117.43,6.28765309627
4768129,AZ.HSSP,33.62,-116.47,6.25159900592
2340117,CI.IRM,34.55,-117.43,6.88382947136
3378043,TA.214A,32.89,-117.11,5.020889389
3323713,TA.G03D,48.72,-122.71,6.54012017898
2004466,CI.PHL,34.55,-117.43,7.29463286022
4218655,UU.DCU,40.86,-112.18,8.32194920073
3321934,TA.N02D,48.72,-122.71,5.36274733133
4218655,IM.NV07,48.26,-117.13,6.08322875148
3327016,TA.N23A,27.06,-98.68,6.27815103591
3327016,IU.WVT,34.95,-106.46,6.23841387341
3334467,IM.NV04,48.26,-117.13,5.17976927928
4417721,UO.PINE,44.20,-122.99,5.63513268915
4768129,LB.MVU,40.43,-117.22,6.64720929312
2682053,IU.COR,44.59,-123.30,6.13596620626
4768129,CI.Q0077,34.55,-117.43,6.21600028279
2218025,IU.COR,44.59,-123.30,3.98269292417
3334411,CI.HEC,34.55,-117.43,7.03249945086
3327016,IU.ANMO,34.95,-106.46,5.88973469272
4417721,US.TPNV,40.43,-117.22,6.72539571104
914505,CI.SNCC,34.55,-117.43,5.96919422619
3377755,TA.M02C,48.72,-122.71,5.52350935912
2729575,AZ.LVA2,33.62,-116.47,6.09480118988
4768129,UU.DCU,40.86,-112.18,6.2741566558
4218655,UU.OWUT,40.86,-112.18,6.57183130074
2592787,IU.COR,44.59,-123.30,4.31792214372
351741,CI.DGR,34.55,-117.43,8.2556767422
4599933,US.MSO,44.85,-117.31,7.30084171606
727122,CI.TIN,34.55,-117.43,5.35933666906
3378043,AZ.WMC,33.62,-116.47,3.94845155699
3378043,AZ.KNW,33.62,-116.47,3.75923867688
4768129,AZ.TONN,33.62,-116.47,6.33316194944
4417721,IM.I56H1,48.26,-117.13,nan
2842975,IM.NV07,48.26,-117.13,6.52759689422
3377755,CN.LLLB,48.93,-123.74,3.19962110909
3337553,TA.K02D,48.72,-122.71,6.70080042133
3320897,PO.MEDO,43.61,-80.06,4.69495212529
3327016,IU.HKT,34.95,-106.46,6.66447049025
2729575,IU.RSSD,34.95,-106.46,6.4954969548
3378043,IU.ANMO,34.95,-106.46,7.25796647862
2874984,CI.PHL,34.55,-117.43,nan
4768129,CI.Q0011,34.55,-117.43,6.54919017955
3378043,TA.W18A,32.89,-117.11,4.55023884827
2861200,CI.SNCC,34.55,-117.43,7.31861853169
3321934,UO.BUCK,44.20,-122.99,5.33595221578
3327016,TA.SUSD,27.06,-98.68,8.14868261929
4223014,TA.G05D,48.72,-122.71,5.32364290019
3334007,UO.PINE,44.20,-122.99,5.33870761089
2874984,IM.NV04,33.61,-116.46,1.44814315841
253032,CI.SBC,34.55,-117.43,4.84792699956
2793866,CN.VIB,48.93,-123.74,4.36178658361
4768129,UU.REUT,40.86,-112.18,7.85635508159
727122,AZ.FRD,33.62,-116.47,4.48797283924
3320897,PO.MEDO,43.61,-80.06,4.69495212529
3327016,IU.HKT,34.95,-106.46,6.66447049025
4768129,TA.R11A,32.89,-117.11,7.26330500926
2842975,AZ.SOL,33.62,-116.47,6.55869555662
4768129,CI.Q0042,34.55,-117.43,6.25003634898
769014,AZ.FRD,33.62,-116.47,8.03331886764
2874984,AZ.MTRP,33.62,-116.47,4.3321018951
4417721,UU.LKC,40.86,-112.18,8.02911738007
3320897,PO.PKRO,43.61,-80.06,5.00169924788
1684371,IM.NV04,33.61,-116.46,5.15688882601
2696929,IM.NV10,48.26,-117.13,5.03121376814
2708906,UO.DBO,44.20,-122.99,3.49137682513
2729575,CI.PLM,34.55,-117.43,5.56859241192
2863186,CN.VIB,48.93,-123.74,1.73334643041
2842975,TA.I05D,32.89,-117.11,8.97327522273
3334411,BK.SAO,40.88,-124.08,2.42496465261
2218025,IM.NV06,48.26,-117.13,4.84202918251
3320897,IU.SSPA,42.51,-71.56,6.49035183857
4768129,AZ.TUBB,33.62,-116.47,6.20138048996
4599933,TA.I05D,48.72,-122.71,5.80388597548
3378043,AZ.USGCB,33.62,-116.47,3.76353826274
3321934,BK.HUMO,40.88,-124.08,7.49855828116
4218655,UU.CVRU,40.86,-112.18,5.75662849087
2844129,AZ.PFO,33.62,-116.47,5.75228190938
843259,CI.BAK,34.55,-117.43,5.84438707037
4223014,TA.H04D,48.72,-122.71,5.14835300808
3334467,TA.K04D,48.72,-122.71,6.58764396502
2592787,CI.TIN,37.63,-118.84,5.17509061632
3580118,TA.L04D,48.72,-122.71,5.75565310301
3327016,IU.WCI,34.95,-106.46,6.25078785995
2592787,IU.COR,44.59,-123.30,4.31792214372
1996086,CI.SHO,34.55,-117.43,7.98955626299
4768129,II.PFO,33.61,-116.46,5.73739015695
3580118,IU.COR,44.59,-123.30,5.46480539599
4368968,TA.L04D,48.72,-122.71,6.9945221814
3334411,AZ.SND,33.62,-116.47,6.45731799968
4218655,UU.NPI,40.86,-112.18,6.35375878735
3320897,PO.TYNO,43.61,-80.06,5.15945689708
1684371,CI.GSC,34.55,-117.43,5.55535458652
4417721,UU.ICF,40.86,-112.18,7.93408366328
628690,CI.SBC,34.55,-117.43,2.12344470177
2340117,TA.M04C,32.77,-113.77,5.60600741547
4768129,CI.PASC,34.55,-117.43,nan
4482428,IM.NV07,48.26,-117.13,5.44932449178
2160222,IM.NV10,48.26,-117.13,3.76264974449
3323713,CI.VES,36.44,-118.08,7.42749063141
4218655,UU.SPS,40.86,-112.18,7.93261829576
2874984,EM.MBB04,41.61,-123.40,2.16102553412
2729575,TA.Y22D,32.89,-117.11,7.73067445709
843259,AZ.WMC,33.62,-116.47,5.16234518339
2004466,IM.NV04,38.43,-118.30,5.76186849764
2844129,IM.NV02,48.26,-117.13,5.92173358326
3334411,TA.I03D,32.89,-117.11,8.19454993734
4417721,CI.Q0031,34.55,-117.43,7.70805137562
1996086,IM.NV01,48.26,-117.13,7.23112988619
4482428,TA.J01E,48.72,-122.71,7.22660973603
4218655,US.AHID,42.77,-111.10,6.25143301238
4768129,CI.Q0040,34.55,-117.43,6.40092178145
4417721,UU.CFS,40.86,-112.18,8.19460769221
3378043,AZ.TRO,33.62,-116.47,3.91274550891
3327016,US.SDCO,34.88,-101.68,4.92541088185
3334007,TA.M04C,48.72,-122.71,4.81723888375
3320897,PO.BASO,43.61,-80.06,5.09750806815
4768129,UU.BRP1,40.86,-112.18,9.98856674832
2853838,EM.MBB02,49.67,-114.20,5.07187172404
3320897,IU.SSPA,42.51,-71.56,6.49035183857
3323713,BK.HUMO,40.88,-124.08,4.76824433109
350828,CI.GSC,34.55,-117.43,4.58716171105
3320897,US.TZTN,42.30,-83.66,5.82259208523
3378043,CI.MPM,34.55,-117.43,4.24529174896
4768129,CI.Q0026,34.55,-117.43,6.32529561957
3334411,AZ.RDM,33.62,-116.47,6.16766589632
1996086,IU.COR,44.59,-123.30,6.25647375545
3320897,US.LRAL,42.30,-83.66,6.12434310195
3334411,CI.TIN,34.55,-117.43,7.27662862527
4768129,TA.J01E,32.89,-117.11,7.33330004015
2844129,CI.DGR,34.55,-117.43,6.31296569328
4768129,IM.NV03,33.61,-116.46,5.72925582869
3320897,PO.ALFO,43.61,-80.06,4.60927068888
4482428,BK.MCCM,40.88,-124.08,3.89257899134
3580118,TA.H04D,48.72,-122.71,5.67077744256
4218655,UU.WRP,40.86,-112.18,8.27238040164
2842975,IM.NV05,48.26,-117.13,6.56612873376
3321934,UO.BUCK,44.20,-122.99,5.33595221578
3323713,US.HLID,40.43,-117.22,6.04809075559
329307,CI.SVD,34.55,-117.43,6.341155914
3323713,TA.C06D,48.72,-122.71,6.1584829947
4723373,UU.DCU,40.86,-112.18,9.09922502609
4219823,IM.NV02,33.61,-116.46,3.14788098137
2850747,IM.NV02,33.61,-116.46,1.88449970176
4819913,UU.BHU,40.86,-112.18,7.11305946981
2866352,AZ.RDM,33.62,-116.47,4.16079936447
2410538,IU.RSSD,34.95,-106.46,2.78275679104
4309440,AZ.USGCB,33.62,-116.47,5.20373420567
4219823,AZ.CRY,33.62,-116.47,3.79105582902
4810688,UU.COY,40.45,-111.78,8.66147381952
3331920,CI.BFS,34.55,-117.43,4.63681481324
4808150,TA.121A,32.89,-117.11,5.01871580884
3282422,TA.N23A,48.72,-122.71,6.85399043906
4220042,CI.SWS,34.55,-117.43,3.07139559486
4808151,CI.CWC,34.55,-117.43,5.85986459281
2677852,CI.MUR,34.55,-117.43,4.67131455656
4808249,UU.CVRU,40.40,-111.79,6.4585963794
4489137,CI.FUR,34.55,-117.43,5.4644893349
3329517,TA.X43A,27.06,-98.68,7.56766765776
4309440,UU.MID,40.86,-112.18,5.82491382383
3278503,IU.WVT,38.06,-91.24,3.49254368396
3378043,IM.NV11,33.61,-116.46,2.79465910955
2467160,CI.SLA,34.55,-117.43,5.19462860212
4219627,UU.SPS,40.86,-112.18,8.39559403233
2717538,CI.GMR,34.55,-117.43,3.18398209217
4220042,II.IASL,34.95,-106.46,4.35210479652
3327016,EM.MBB03,36.34,-90.33,-0.701444792811
4309440,UU.PGC,40.86,-112.18,5.74093266967
2867472,US.SDCO,40.43,-117.22,4.13970726295
2872448,II.PFO,34.95,-106.46,6.82022861516
2872453,IU.TUC,34.95,-106.46,7.0255636593
2627754,CI.HEC,34.55,-117.43,4.06334677681
2860676,CI.TIN,34.55,-117.43,4.65389063955
4219627,UU.LTU,40.86,-112.18,6.75121591043
4370421,CI.BFS,34.55,-117.43,5.36204458843
5153205,TA.SUSD,27.06,-98.68,8.14765157219
2839339,IM.NV01,33.61,-116.46,3.55675569988
3378098,CI.PLM,34.55,-117.43,6.46629264088
2848753,CI.SVD,34.55,-117.43,5.9786910199
2872509,AZ.CSLB,33.62,-116.47,5.66597927026
4723373,UU.BSS,40.86,-112.18,8.43231215015
4808099,AZ.PFO,33.62,-116.47,3.50720735207
2737919,AZ.LVA2,33.62,-116.47,5.50169654859
4723373,CI.DGR,34.55,-117.43,5.50742535347
4099263,CI.MPM,35.27,-116.07,7.69184923733
2849556,AZ.SND,33.62,-116.47,3.12983688874
4808150,CI.CWC,34.55,-117.43,5.74036491191
4489156,AZ.SMER,33.62,-116.47,4.20743896918
4370421,UU.TCRU,40.45,-111.78,6.64863820263
3331920,CI.CHF,34.55,-117.43,5.63992758712
2879811,AZ.CPE,33.62,-116.47,3.77154828928
2838203,CI.TIN,34.55,-117.43,4.23456322127
3986528,AZ.CSLB,33.62,-116.47,4.2438827643
3325003,TA.X40A,27.06,-98.68,7.36533828457
4723373,AZ.CSLB,33.62,-116.47,7.61555874494
4598714,UU.REUT,40.86,-112.18,6.16802095954
4723373,IU.ANMO,34.95,-106.46,5.3159430214
4311232,AZ.MONP2,33.62,-116.47,3.21093040202
4309440,UU.NAIU,40.86,-112.18,4.17815406599
2847838,CI.GMR,34.55,-117.43,5.97510627307
3339727,US.KVTX,34.88,-101.68,5.47275945336
4598534,BK.CMB,40.88,-124.08,5.79300475823
2796754,TA.Q24A,48.98,-117.56,7.8544976562
4808099,IM.I57H3,33.61,-116.46,8.03225890639
3179908,CI.VES,34.55,-117.43,3.90246518815
4723373,UU.PTU,40.86,-112.18,7.61156968908
3378039,CI.PHL,34.55,-117.43,nan
3180025,CI.GMR,34.55,-117.43,5.14661498436
2847934,CI.GRA,34.55,-117.43,3.12949983773
3282422,CI.TIN,35.27,-116.07,7.60854361162
3331920,AZ.CRY,33.62,-116.47,3.88528511946
4819913,UU.WRP,40.86,-112.18,6.61150796214
4808099,IM.NV06,33.61,-116.46,3.19948125732
4370421,AZ.TRO,33.62,-116.47,3.67107239886
4808109,II.PFO,34.95,-106.46,5.69725061342
2849017,UO.DBO,44.20,-122.99,5.01961857947
5004733,UU.TCVU,40.86,-112.18,7.30034115318
4489138,CI.LRL,34.55,-117.43,4.03921884716
2839918,AZ.SCI2,33.62,-116.47,4.97760237539
3986551,IM.NV31,33.61,-116.46,3.7769969376
4808151,UU.WMUT,39.82,-110.54,7.8983028278
2872453,CI.SDD,34.55,-117.43,6.37652640241
2847839,CI.PLM,34.55,-117.43,4.40691751869
2847927,CI.VCS,34.55,-117.43,4.6790317477
2872509,CI.SBC,34.55,-117.43,5.15466103763
2842558,CI.GSC,34.55,-117.43,nan
2848499,IM.NV07,33.61,-116.46,2.59254137879
4598714,IM.NV05,48.26,-117.13,3.30853202204
3278325,BK.CMB,37.82,-122.33,5.82064193567
4309875,US.HAWA,42.77,-111.10,2.03832878945
3988542,AZ.BZN,33.62,-116.47,3.80031446723
5153819,US.KSU1,34.88,-101.68,4.35944112243
2860676,IU.ANMO,34.95,-106.46,4.87963791175
2847839,AZ.SMER,33.62,-116.47,4.19969123965
3337572,TA.121A,32.89,-117.11,7.32481867246
3331920,IM.NV08,33.61,-116.46,3.08955700171
4598714,IM.NV03,48.26,-117.13,3.19146768215
2718229,IU.TUC,34.95,-106.46,7.39706323367
3276647,AZ.SMER,33.62,-116.47,3.25088079488
2713283,CI.ADO,34.55,-117.43,4.62944278219
3378038,CI.BAK,34.55,-117.43,4.97055083361
2850748,AZ.FRD,33.62,-116.47,3.08801167028
2718229,IU.ANMO,34.95,-106.46,5.28266276945
2838410,IM.NV07,33.61,-116.46,2.44049803289
2847824,CI.VTV,34.55,-117.43,6.815679229
3331920,IM.NV07,33.61,-116.46,2.86079759511
4370421,CI.VCS,34.55,-117.43,5.923740451
5114609,UU.KNB,40.86,-112.18,5.72548510173
4926955,US.WUAZ,48.30,-95.86,5.60430041478
2863451,TA.109C,32.89,-117.11,3.38069369599
2850747,IM.NV09,33.61,-116.46,2.15206593581
3414168,AZ.MTRP,33.62,-116.47,4.94723783578
3337573,IU.ANMO,34.95,-106.46,8.02307624017
2848499,IM.NV04,33.61,-116.46,2.58395367468
5165604,XU.GRES,40.44,-104.67,5.76553772646
3337577,CI.BBR,34.55,-117.43,6.95256571131
3986551,IM.NV09,33.61,-116.46,3.15846469846
2848606,IU.TUC,34.95,-106.46,5.30154351566
2848745,US.HWUT,40.43,-117.22,4.4929320304
3378051,BK.SAO,37.82,-122.33,4.99993277694
2737015,CI.PASC,34.55,-117.43,nan
2839368,CI.SWS,34.55,-117.43,5.96294053122
4723373,IM.NV04,33.61,-116.46,4.17583956454
4489156,CI.OSI,34.55,-117.43,nan
2849931,TA.R11A,32.89,-117.11,4.05043516999
4558126,CI.FUR,36.47,-116.86,5.67306962134
5153205,UU.BCE,39.61,-110.41,8.05981987321
2719048,CI.DJJ,34.55,-117.43,3.24663079594
2863450,IU.COR,44.59,-123.30,7.34608383749
4558126,UU.ICF,40.86,-112.18,5.82470138711
2847839,IU.TUC,34.95,-106.46,6.16026508135
4311232,IU.ANMO,34.95,-106.46,5.9788414337
2849931,CI.PASC,34.55,-117.43,2.68629680692
5004733,UU.CCPU,40.86,-112.18,8.62042706323
2879810,CI.BEL,34.55,-117.43,4.61689475904
2847826,AZ.BZN,33.62,-116.47,4.97471054639
4219627,AZ.RDM,33.62,-116.47,2.8805742052
4598534,UU.JRP,40.86,-112.18,6.17707746872
4219627,UU.BYP,40.86,-112.18,8.0989102178
2839762,CI.DAN,34.55,-117.43,5.58381954611
3278325,IM.NV06,33.61,-116.46,2.32520420308
3276647,CI.RPV,34.55,-117.43,5.34016656537
3276647,IU.ANMO,34.95,-106.46,4.7991415495
2686878,TA.109C,32.89,-117.11,4.76391086701
4309875,UU.SRU,40.86,-112.18,4.25708070143
2848499,CI.BAK,34.55,-117.43,5.1487873281
4816697,UU.HTU,40.86,-112.18,7.12485116147
3378043,CI.ARV,34.55,-117.43,4.34035814293
3340100,CI.EDW2,34.55,-117.43,2.45655640592
2848205,CI.BEL,34.55,-117.43,5.31797830564
3276647,LB.DAC,40.43,-117.22,4.66930435697
4814606,TA.W39A,32.53,-107.79,8.04521250929
2867472,TA.S22A,32.89,-117.11,4.16325290669
3333344,CI.PLM,34.55,-117.43,5.83648671454
2839339,CI.MUR,34.55,-117.43,4.95155731495
2879810,AZ.SCI2,33.62,-116.47,4.59292369797
2839918,IU.ANMO,34.95,-106.46,5.39012182977
3378098,CI.HEC,34.55,-117.43,4.5886412719
2627754,AZ.TRO,33.62,-116.47,2.82058077408
5114609,IU.COR,34.95,-106.46,4.60592577434
3988542,AZ.SOL,33.62,-116.47,3.30994016091
4309440,IM.I57L1,33.61,-116.46,8.55911643817
4219627,LB.DAC,40.43,-117.22,4.51207781014
3320863,US.SDCO,42.77,-111.10,6.69635550345
4309875,UU.HDU,40.86,-112.18,6.48865395696
3324625,US.HDIL,34.88,-101.68,4.14155145324
4489138,UU.PSUT,39.82,-110.54,6.30149081773
2854555,CI.BAR,34.55,-117.43,nan
2848032,TA.O20A,32.89,-117.11,4.1970691553
5114609,UU.DOT,40.86,-112.18,6.2827245704
4370421,CI.Q0029,34.55,-117.43,5.56560182902
4810687,CI.SCI2,34.55,-117.43,6.95299751045
3340100,BK.WDC,37.82,-122.33,4.67473377293
3337581,AZ.SMER,33.62,-116.47,3.88824332082
4808249,AZ.HSSP,33.62,-116.47,5.78071021889
2848277,CI.FUR,34.55,-117.43,3.16387458694
5114609,TA.T25A,32.89,-117.11,5.04098916124
3986551,CI.PASC,34.55,-117.43,nan
2839363,AZ.SMER,33.62,-116.47,4.01636471137
3988542,CI.DEC,34.55,-117.43,2.82818718653
2719048,CI.CHF,34.55,-117.43,4.54371522677
3331920,IM.NV06,33.61,-116.46,3.01960973766
5161565,TA.SUSD,27.06,-98.68,7.5829025375
3329517,US.ISCO,34.88,-101.68,4.08033825844
2847903,AZ.TRO,33.62,-116.47,3.50086311675
2850747,LB.TPH,40.43,-117.22,4.54329283488
4808109,CI.SMM,34.55,-117.43,7.73699080544
2872449,CI.MLAC,34.55,-117.43,7.67930802664
3331920,CI.SDD,34.55,-117.43,5.85244287298
2854555,CI.PLM,34.55,-117.43,4.93204730373
4810285,TA.U40A,32.55,-108.63,7.6330584729
3285975,AZ.SND,33.62,-116.47,6.8335827807
3986528,AZ.LVA2,33.62,-116.47,3.52893753985
4309875,UU.PTU,40.86,-112.18,4.94098055955
2863451,IM.NV04,33.61,-116.46,1.74582474065
4489156,CI.Q0049,34.55,-117.43,6.37819525833
4311232,IM.I57H1,33.61,-116.46,8.72592916453
4309440,UU.BSS,40.86,-112.18,5.79222826542
2838410,CI.GMR,34.55,-117.43,5.4430980453
3337581,AZ.SETM,33.62,-116.47,5.69818267808
3276647,AZ.RDM,33.62,-116.47,3.14918377218
3327016,TA.W39A,27.06,-98.68,8.32822239385
2842278,CI.BFS,34.55,-117.43,4.48058752199
3339727,IU.WVT,38.06,-91.24,4.77389302918
2847824,CI.MPM,34.55,-117.43,7.21327633558
4489137,CI.IRM,34.55,-117.43,4.45572325504
3378062,CI.BBR,34.55,-117.43,6.46784826069
3334423,CI.MPM,34.55,-117.43,5.20942089518
3179908,CI.SMM,34.55,-117.43,4.58456677797
2839358,CI.SDD,34.55,-117.43,5.05468884041
2847834,CI.RPV,34.55,-117.43,4.77402192182
4309679,CI.RPV,34.55,-117.43,6.22634981385
4808099,UU.SGU,39.82,-110.54,7.83505889379
4808249,UU.MAB,40.40,-111.79,8.41095965219
3782344,CI.PLM,34.55,-117.43,4.70135987375
2729621,CI.SWS,34.55,-117.43,6.74009757894
2872453,II.PFO,34.95,-106.46,6.05001931528
4309875,UU.HEB,40.86,-112.18,7.59095734011
3567124,TA.L02E,32.89,-117.11,8.15897739658
2863450,CI.SHO,36.44,-118.08,4.87658666519
2872453,IU.ANMO,34.95,-106.46,6.93227587213
3340203,CI.DJJ,34.55,-117.43,6.9651672203
4558126,UU.CAPU,40.86,-112.18,5.97433913766
2849931,AZ.PFO,33.62,-116.47,2.99742427508
4808099,CI.NEE2,34.55,-117.43,3.75839152525
4219627,IM.NV31,33.61,-116.46,1.94202556906
2741351,CI.EDW2,34.55,-117.43,2.17618019693
4723373,UU.EKU,40.86,-112.18,10.1334809747
2848032,IM.NV31,33.61,-116.46,3.42237138901
3329517,US.VBMS,34.88,-101.68,4.37268822942
2798344,AZ.SMER,33.62,-116.47,4.3926984243
2732488,IM.NV04,48.26,-117.13,4.58104609474
4810688,UU.LDJ,40.45,-111.78,8.1740719086
2879782,CI.BFS,34.55,-117.43,5.2237671972
4808109,AZ.SND,33.62,-116.47,4.10474581942
4808109,UU.WCU,39.82,-110.54,7.67065132895
2850143,CI.MPP,34.55,-117.43,4.34313399424
3988542,CI.ISA,34.55,-117.43,nan
3320857,CI.SHO,33.66,-115.45,7.05821136573
3331920,AZ.KNW,33.62,-116.47,4.1262416377
2729575,CI.NEE2,34.55,-117.43,5.49906995367
3378051,CI.MLAC,34.55,-117.43,4.50472277717
4814606,IU.RSSD,34.95,-106.46,5.00885606874
3378038,IM.NV02,33.61,-116.46,2.09237816637
4819913,UU.WVUT,40.86,-112.18,7.46893373656
4309875,UU.VRUT,40.86,-112.18,3.69793591854
2741351,IU.ANMO,34.95,-106.46,4.50418759678
2798344,IU.COR,34.95,-106.46,4.52359207742
4810687,CI.ADO,34.55,-117.43,5.6626603268
2848058,TA.121A,32.89,-117.11,4.0126086856
4808150,CI.ISA,34.55,-117.43,nan
3567124,CI.SCZ2,34.55,-117.43,8.05246155282
2863451,CI.ARV,34.55,-117.43,1.94376675826
3340203,TA.TPFO,32.89,-117.11,6.76320262856
2848205,TA.121A,32.89,-117.11,4.41849557373
4558126,US.ELK,42.77,-111.10,2.89071371962
3329517,US.OGNE,34.88,-101.68,4.53858587013
2838410,CI.PHL,34.55,-117.43,nan
2848606,AZ.SMER,33.62,-116.47,4.39823749683
3337573,IU.ANMO,34.95,-106.46,8.02307624017
4808151,CI.SVD,34.55,-117.43,6.03947223934
5114609,UU.SPU,40.86,-112.18,4.76878051443
3278325,IU.ANMO,34.95,-106.46,6.68983318226
4810688,IM.NV05,33.61,-116.46,3.10358865734
3343246,IM.NV10,33.61,-116.46,2.33394198051
2847841,AZ.RDM,33.62,-116.47,3.91041612899
2737015,IU.ANMO,34.95,-106.46,5.17585333928
4220042,UU.KEUT,37.79,-113.44,7.25825172428
2713283,TA.R11A,32.89,-117.11,5.02259461502
4309440,CI.TUQ,34.55,-117.43,2.67882599746
4489156,CI.RPV,34.55,-117.43,4.83789882882
5165604,TA.S22A,27.06,-98.68,7.167176554
4808099,TA.121A,32.89,-117.11,5.02121454411
3414168,US.MVCO,40.43,-117.22,6.10316339351
4816697,US.AMTX,42.77,-111.10,6.24782267999
3278371,IM.NV04,33.61,-116.46,2.18072452529
2879782,AZ.WMC,33.62,-116.47,3.54219539056
4808109,IM.I57H4,33.61,-116.46,7.90520747993
3278325,TA.109C,32.89,-117.11,5.92013617687
4723373,CI.BFS,34.55,-117.43,5.1756803463
5114609,UU.SGSU,40.86,-112.18,5.68640898817
2737919,CI.FMP,34.55,-117.43,3.91543530973
4808109,IM.I57H2,33.61,-116.46,7.97920893927
3343249,AZ.SETM,33.62,-116.47,4.14163425837
2847934,TA.S22A,32.89,-117.11,1.69877457065
4808099,AZ.WMC,33.62,-116.47,3.81735531172
2839918,CI.SLA,34.55,-117.43,4.56574944174
3180025,IM.NV01,33.61,-116.46,1.89190840189
4309679,UU.PSUT,37.79,-113.44,5.71295359462
3331920,CI.SHO,34.55,-117.43,4.12214467492
3276647,CI.HEC,34.55,-117.43,2.86884735179
4219627,AZ.SETM,33.62,-116.47,4.05903025483
2719048,CI.BAR,34.55,-117.43,nan
4926955,LB.BMN,40.43,-117.22,4.6236503715
2737034,CI.IRM,34.55,-117.43,3.50328308038
2847903,CI.VTV,34.55,-117.43,5.40146111626
2729575,CI.VES,34.55,-117.43,6.84195306998
3378038,CI.HEC,34.55,-117.43,5.09913164886
3278325,AZ.MTRP,33.62,-116.47,5.04032758724
3337568,CI.DEC,34.55,-117.43,8.0585911946
4099263,IU.COR,34.95,-106.46,5.93346514589
3329517,IU.WCI,34.95,-106.46,5.72867560551
4370421,UU.SPR,40.45,-111.78,8.01199537158
2872449,CI.ISA,34.55,-117.43,nan
3285975,AZ.LVA2,33.62,-116.47,6.67127585584
4309875,UU.GZU,40.86,-112.18,7.93537702663
3285777,AZ.PFO,33.62,-116.47,5.82402032865
3276647,CI.OSI,34.55,-117.43,nan
4489138,CI.BEL,34.55,-117.43,5.60897106213
2872449,IU.ANMO,34.95,-106.46,7.33906282116
2847824,AZ.CPE,33.62,-116.47,6.03415492899
2467160,CI.MLAC,34.55,-117.43,3.39848312982
4489138,CI.DJJ,34.55,-117.43,5.82008407638
3343246,US.WUAZ,40.43,-117.22,5.69956141331
3334423,IM.NV07,33.61,-116.46,2.38402860173
2847839,CI.SVD,34.55,-117.43,5.79112029015
4808150,CI.USC,34.55,-117.43,5.96736148013
4215446,US.JFWS,34.88,-101.68,3.32753681702
2847903,CI.VES,34.55,-117.43,3.14350602319
3378043,CI.CHF,34.55,-117.43,4.54248763051
2848639,CI.SDD,34.55,-117.43,4.87392802704
2872453,CI.IRM,34.55,-117.43,6.61065305466
3986551,AZ.CPE,33.62,-116.47,4.74479132369
2847597,CI.GMR,34.55,-117.43,5.60440710762
3320863,EM.MBB06,38.44,-111.14,0.367869044225
3285975,IU.ANMO,34.95,-106.46,3.26560063139
3414166,CI.PLM,34.55,-117.43,4.66325033614
3337572,AZ.LVA2,33.62,-116.47,6.16183531054
4723373,CI.RPV,34.55,-117.43,6.68996817411
3327016,US.JFWS,34.88,-101.68,4.8373358184
4598534,UU.TRS,40.86,-112.18,5.66970784546
3772579,CI.CWC,34.55,-117.43,7.35486015347
3567124,IM.NV02,48.26,-117.13,6.49068059031
3275698,LB.DAC,40.43,-117.22,2.79475563674
2718229,CI.GSC,34.55,-117.43,nan
4808150,AZ.CPE,33.62,-116.47,3.53380722797
2847597,CI.FMP,34.55,-117.43,4.87662518213
4309679,UU.FSU,37.79,-113.44,5.2505672319
3988542,IM.NV06,33.61,-116.46,1.60233929847
3567124,TA.Q24A,32.89,-117.11,9.06425699327
3278371,CI.CWC,34.55,-117.43,7.24875325211
4816697,UU.TCRU,40.86,-112.18,5.11818213816
4816697,US.OGNE,42.77,-111.10,5.84353961543
4370421,UU.ALP,40.45,-111.78,8.50006214028
2718229,AZ.CRY,33.62,-116.47,3.50509918616
4309440,CI.RRX,34.55,-117.43,3.89277448998
4370421,IM.NV07,33.61,-116.46,2.35420803156
2847841,IM.NV05,33.61,-116.46,2.45103467657
3206602,CI.DGR,34.55,-117.43,5.19999436417
4808150,IU.TUC,34.95,-106.46,5.34337622304
4598714,IM.NV09,48.26,-117.13,3.39826464132
4598534,CI.CWC,35.34,-119.10,7.86856681144
3340203,CI.RPV,34.55,-117.43,6.73289709329
3986528,IU.ANMO,34.95,-106.46,6.97107780948
2719048,AZ.KNW,33.62,-116.47,2.84264747559
3378062,AZ.SOL,33.62,-116.47,4.07334114244
2713283,AZ.FRD,33.62,-116.47,4.27706193097
4558126,UU.BCS,40.86,-112.18,5.77293486443
4816697,US.MNTX,42.77,-111.10,5.62163989193
4558126,UU.DOT,40.86,-112.18,6.08151144696
2688438,CI.SVD,34.55,-117.43,5.04211720342
4309875,UU.TCVU,40.86,-112.18,4.7892838767
4220042,CI.TUQ,34.55,-117.43,4.15318829423
3996084,IU.ANMO,34.95,-106.46,4.82936624821
2847934,AZ.TRO,33.62,-116.47,3.32863878446
3996084,CI.BAR,34.55,-117.43,nan
4219823,UU.ZNPU,37.79,-113.44,5.66194182226
3340100,TA.214A,32.89,-117.11,4.15731318843
3772579,CI.SWS,34.55,-117.43,7.14344421675
2847927,CI.PLM,34.55,-117.43,4.76035264862
5114609,CI.SLA,34.55,-117.43,5.94875415332
2737034,CI.OSI,34.55,-117.43,nan
4219627,TA.Y22D,32.89,-117.11,4.32137837003
4810688,UU.BHU,40.45,-111.78,9.0154649822
4309679,CI.MUR,34.55,-117.43,4.37221724164
4309875,UU.CAPU,40.86,-112.18,5.70212883997
3337577,AZ.CPE,33.62,-116.47,4.33475356766
2839363,IM.NV01,33.61,-116.46,2.83846355808
2850141,CI.SDD,34.55,-117.43,4.97143176454
4489138,TA.Y22D,32.89,-117.11,5.75021382698
2467160,CI.OSI,34.55,-117.43,nan
2842278,CI.USC,34.55,-117.43,6.44331817864
3772598,CI.ARV,34.55,-117.43,7.31124357127
3414168,CI.BAK,34.55,-117.43,5.02223492622
4598534,UU.MHD,40.86,-112.18,5.45818211306
2849698,CI.DJJ,34.55,-117.43,3.83715640725
2847824,CI.IRM,34.55,-117.43,6.6217334204
3343246,AZ.SMER,33.62,-116.47,2.87446453761
3337577,US.WUAZ,37.02,-112.82,6.13040419714
4558126,UU.LCMT,40.86,-112.18,4.64781610616
3331920,TA.121A,32.89,-117.11,4.84624790786
3337568,CI.VCS,34.55,-117.43,7.75364440177
2850143,AZ.RDM,33.62,-116.47,3.29040640423
4598534,TA.Q24A,48.72,-122.71,7.22234079937
4808099,IU.ANMO,34.95,-106.46,6.67888626213
5004733,AZ.WMC,33.62,-116.47,3.66464489596
3278503,IU.WVT,38.06,-91.24,3.49254368396
2847834,TA.S22A,32.89,-117.11,4.85484194458
2839918,CI.PASC,34.55,-117.43,nan
3567124,CI.VCS,34.55,-117.43,7.23386226188
4808109,IU.TUC,34.95,-106.46,5.75607523821
3333344,CI.SCZ2,34.55,-117.43,6.03236524907
3378043,CI.GSC,34.55,-117.43,nan
3179908,IU.SLBS,34.95,-106.46,4.73642750504
4810688,TA.121A,32.89,-117.11,4.97471857344
3333344,CI.SMM,34.55,-117.43,5.49972069182
2729621,AZ.MTRP,33.62,-116.47,7.63512343382
2467160,CI.PHL,34.55,-117.43,nan
2847834,CI.SVD,34.55,-117.43,5.98577037617
2848745,AZ.CSLB,33.62,-116.47,4.6216112966
2848753,CI.NEE2,34.55,-117.43,3.61023879952
3329517,IU.WVT,34.95,-106.46,5.83094718074
2686878,AZ.MONP2,33.62,-116.47,3.34581074883
3180586,CI.SHO,35.27,-116.07,5.52007618184
4723373,UU.MMU,40.86,-112.18,8.98655996937
4816697,IU.ANMO,34.95,-106.46,4.94022889458
5165604,TA.Y22D,27.06,-98.68,7.35769003755
2838410,CI.MWC,34.55,-117.43,5.22150728348
4808109,CI.IKP,34.55,-117.43,5.85845649389
2872509,CI.SLA,34.55,-117.43,5.79138012792
2850747,US.HWUT,40.43,-117.22,4.35595884013
2848277,CI.SCZ2,34.55,-117.43,4.53570826451
2732488,TA.W18A,32.89,-117.11,6.36056994273
2850748,AZ.BZN,33.62,-116.47,4.46813413517
3378062,US.MVCO,38.03,-120.39,6.97997220043
4309679,UU.CVRU,37.79,-113.44,5.41913437138
3285975,CI.IRM,33.64,-116.40,7.23500056823
3285975,AZ.CRY,33.62,-116.47,7.02170033265
2848606,CI.CIA,34.55,-117.43,4.04729360256
3378043,IM.NV03,33.61,-116.46,2.4403527591
4816697,UU.SCS,40.86,-112.18,6.4124117517
4489137,IM.I57H4,33.61,-116.46,9.09292270862
4489137,CI.BEL,34.55,-117.43,5.96742689026
3782344,TA.S22A,32.89,-117.11,4.96824458134
2872509,CI.HEC,34.55,-117.43,5.35443988526
4814606,US.VBMS,34.88,-101.68,4.42099480686
4309440,UU.HAFB,40.86,-112.18,6.33703072547
2848745,CI.CWC,34.55,-117.43,5.63806768656
4558126,UU.IMU,40.86,-112.18,4.93138580239
2839368,CI.MWC,34.55,-117.43,4.83797591393
4219627,CI.DAN,34.55,-117.43,3.48462462687
2847838,CI.TIN,34.55,-117.43,4.49144204682
2867472,AZ.MTRP,33.62,-116.47,5.48552919491
4819913,UU.ALT,40.86,-112.18,5.9602534782
3378040,AZ.BSAP,33.62,-116.47,4.12084534362
2847838,CI.ARV,34.55,-117.43,5.60901451489
4598534,CI.LRL,35.34,-119.10,6.55249133207
2849698,CI.BAK,34.55,-117.43,4.00576417387
2849698,CI.MWC,34.55,-117.43,4.36971289339
2854555,IM.NV09,33.61,-116.46,1.90254526627
4810688,UU.PGC,40.45,-111.78,8.84870199511
4819913,UU.LCU,40.86,-112.18,6.96675572857
2850747,CI.EDW2,34.55,-117.43,4.73439859112
3378051,IU.TUC,34.95,-106.46,5.35694689561
4814606,IU.HKT,34.95,-106.46,5.36450070455
2798344,TA.109C,32.89,-117.11,5.59310303207
3378040,TA.N02D,32.89,-117.11,4.24849143621
3378098,CI.SVD,34.55,-117.43,6.19944757895
2729763,AZ.CRY,33.62,-116.47,5.15946568119
5004733,CI.Q0027,34.55,-117.43,5.40160308093
4810688,UU.MMU,40.45,-111.78,8.133205864
2737034,CI.GLA,34.55,-117.43,3.98911678144
4723373,UU.RPF,40.86,-112.18,8.13477024698
2848639,CI.RRX,34.55,-117.43,4.3563095214
3782344,CI.TIN,34.55,-117.43,4.00092534869
5004733,UU.VEC,40.86,-112.18,9.19713702196
2848745,CI.BAR,34.55,-117.43,nan
2847903,CI.PDM,34.55,-117.43,3.94419289041
3327016,IU.HKT,34.95,-106.46,6.66447049025
4489137,IM.NV04,33.61,-116.46,3.04819662928
2872453,CI.PDM,34.55,-117.43,5.84848687623
2863451,IM.NV31,33.61,-116.46,1.17899701861
3320863,TA.W18A,32.54,-114.58,7.67369618249
2842558,IM.NV06,33.61,-116.46,3.0189616405
3333344,CI.SNCC,34.55,-117.43,nan
2848606,CI.VCS,34.55,-117.43,3.86575581784
2737015,CI.PDM,34.55,-117.43,2.89301296993
2849556,CI.HEC,34.55,-117.43,4.12584977521
2849017,AZ.SMER,33.62,-116.47,6.53910321309
5166070,IU.WVT,34.95,-106.46,5.29161057794
3378038,LB.BMN,40.43,-117.22,4.91208306428
4489138,CI.PASC,34.55,-117.43,nan
4598714,UU.HER,40.86,-112.18,6.37600836735
3180025,IM.NV10,33.61,-116.46,2.61023003816
2848745,IU.ANMO,34.95,-106.46,4.48352106592
4723373,TA.R11A,32.89,-117.11,6.04307782139
4819913,TA.M02C,48.72,-122.71,6.69899520433
4219627,TA.TPFO,32.89,-117.11,3.48287943659
2847839,CI.VTV,34.55,-117.43,5.48204115412
4309875,TA.O03E,49.05,-120.38,7.52185528512
2847597,CI.MPM,34.55,-117.43,3.71828357683
4219823,UU.EKU,37.79,-113.44,8.38763424152
4219627,II.PFO,34.95,-106.46,6.09551499227
4489138,UU.WMUT,39.82,-110.54,8.2874562755
2872509,IU.ANMO,34.95,-106.46,6.15073623762
4489138,AZ.SOL,33.62,-116.47,3.6267453604
3986528,CI.DJJ,34.55,-117.43,4.61162421611
2872449,CI.GLA,34.55,-117.43,7.41859010195
4219627,UU.RSUT,40.86,-112.18,7.11468058135
5114609,UU.PKCU,40.86,-112.18,4.62120215509
4370421,AZ.PFO,33.62,-116.47,2.89830538507
3324120,US.KVTX,34.88,-101.68,6.20885293453
2847834,CI.TIN,34.55,-117.43,4.53397808989
4219627,US.SDCO,40.43,-117.22,5.56676455782
3331920,CI.GSC,34.55,-117.43,nan
2850596,AZ.PFO,33.62,-116.47,2.90515087001
5004733,UU.SNUT,40.86,-112.18,7.61007669711
3320863,TA.WHTX,32.54,-114.58,7.63158000226
2849017,IM.NV08,48.26,-117.13,4.94462820842
2848745,CI.PASC,34.55,-117.43,3.27388355046
3278371,CI.SBC,34.55,-117.43,3.64212219688
2848753,IU.ANMO,34.95,-106.46,4.5198431205
3333344,CI.BAR,34.55,-117.43,5.60643425756
5004733,US.WUAZ,40.43,-117.22,6.03052593521
4219823,IM.I57L4,33.61,-116.46,9.07026829226
4219627,CI.SDD,34.55,-117.43,4.63394471094
4558126,IM.NV06,48.26,-117.13,4.04863249876
2741351,CI.SWS,34.55,-117.43,4.73387912825
4219823,CI.MUR,34.55,-117.43,5.51322896867
4810688,AZ.SCI2,33.62,-116.47,4.49698563915
3331920,CI.SCZ2,34.55,-117.43,5.76673624848
2879810,IU.ANMO,34.95,-106.46,5.65691532016
4219823,CI.BFS,34.55,-117.43,5.73659037793
4311232,AZ.BSAP,33.62,-116.47,6.4267585687
3986551,CI.SVD,34.55,-117.43,6.06704870622
3325003,IU.ANMO,34.95,-106.46,5.66689970772
3325003,IU.HKT,34.95,-106.46,6.10369526702
2729763,LB.BMN,40.43,-117.22,2.76561176183
4223281,TA.X43A,32.67,-100.39,7.74192653301
2848639,CI.DJJ,34.55,-117.43,3.4919852567
5114609,IM.NV10,33.61,-116.46,3.24227923452
5114609,AZ.TMSP,33.62,-116.47,3.60195051236
2432860,IM.NV02,48.26,-117.13,2.82436530636
2872448,AZ.RDM,33.62,-116.47,6.74091944999
4808099,AZ.SND,33.62,-116.47,3.90137995269
4309679,IM.NV07,33.61,-116.46,3.27670319173
4219627,AZ.CSLB,33.62,-116.47,6.18320034958
2467160,IM.NV02,33.61,-116.46,2.47700816834
2850747,TA.121A,32.89,-117.11,4.03510998688
2729763,AZ.LVA2,33.62,-116.47,5.28694897437
3278371,AZ.FRD,33.62,-116.47,3.24661741981
4808249,AZ.SETM,33.62,-116.47,5.3716110199
4808109,UU.CCPU,39.82,-110.54,8.22291749469
3337573,IU.ANMO,34.95,-106.46,8.02307624017
4370421,UU.BRPU,40.45,-111.78,6.36554376937
4370421,UU.EMU,40.45,-111.78,8.22212569461
2848032,CI.PHL,34.55,-117.43,nan
3378040,TA.Y22D,32.89,-117.11,6.94380516498
2850747,CI.PASC,34.55,-117.43,nan
2847826,IM.NV09,33.61,-116.46,3.71398001031
2729621,TA.R11A,32.89,-117.11,6.64790989071
5165604,IU.HKT,34.95,-106.46,4.89068239546
3276647,TA.Y22D,32.89,-117.11,6.35524646688
3986518,CI.TUQ,34.55,-117.43,4.70717143057
2847934,CI.DGR,34.55,-117.43,5.03313988541
2847838,CI.TUQ,34.55,-117.43,4.36608872627
2847934,CI.DAN,34.55,-117.43,3.77379858666
4489138,AZ.TRO,33.62,-116.47,4.22283247934
3320863,CI.BEL,33.66,-115.45,6.03178038579
2850747,IM.NV08,33.61,-116.46,2.25106618571
4099263,TA.Q24A,48.72,-122.71,8.72559010771
4489137,CI.DGR,34.55,-117.43,5.97560824417
3337568,CI.FMP,34.55,-117.43,7.8222547221
4816697,UU.EKU,40.86,-112.18,8.40277817794
3343246,CI.ARV,34.55,-117.43,4.71340271235
3276647,CI.VES,34.55,-117.43,5.00146748
3285225,CI.PDM,33.64,-116.40,6.75492230912
4598714,UU.ALP,40.86,-112.18,6.00807985493
2866352,CI.BEL,34.55,-117.43,3.24463787394
2850747,CI.SDD,34.55,-117.43,5.13618936317
2847838,AZ.PFO,33.62,-116.47,5.69505828639
2847903,TA.214A,32.89,-117.11,4.70317923877
2879810,CI.TIN,34.55,-117.43,4.51683921717
2842278,CI.VTV,34.55,-117.43,6.01362743171
4810688,UU.DAU,40.45,-111.78,8.01294005276
2717538,CI.PASC,34.55,-117.43,nan
2847826,CI.DAN,34.55,-117.43,5.22486734544
3340203,CI.OSI,34.55,-117.43,nan
4309875,UU.WCF,40.86,-112.18,5.71854688659
4723373,US.HWUT,34.88,-101.68,5.42508567032
2729621,CI.PDM,34.55,-117.43,4.71565618605
4309875,TA.Y22D,49.05,-120.38,7.98068591645
3327016,TA.N23A,27.06,-98.68,7.38362674769
4220042,CI.CHF,34.55,-117.43,4.51305149476
4309875,US.DUG,42.77,-111.10,2.68011326103
4808150,CI.SHO,34.55,-117.43,3.87835130161
2847934,AZ.WMC,33.62,-116.47,3.23019657596
4309679,CI.OSI,34.55,-117.43,nan
3378043,TA.TPFO,32.89,-117.11,4.90701788446
2879811,IM.NV05,33.61,-116.46,2.93867159284
2847839,CI.NEE2,34.55,-117.43,5.74248378081
2848277,IM.NV31,33.61,-116.46,3.65998545393
5004733,UU.CFS,40.86,-112.18,8.2179372973
3331920,CI.DJJ,34.55,-117.43,6.14206326026
2850143,CI.BBR,34.55,-117.43,5.19478515533
3414168,IM.NV07,33.61,-116.46,2.34218393291
3378098,CI.NEE2,34.55,-117.43,6.16338389033
2867472,CI.BEL,34.55,-117.43,2.75146547953
5114609,CI.Q0031,34.55,-117.43,5.48727924176
3206602,CI.GRA,34.55,-117.43,4.99798866723
3378040,CI.DGR,34.55,-117.43,5.08242243831
2719048,TA.O20A,32.89,-117.11,3.62900422463
3331920,CI.SCI2,34.55,-117.43,6.09904941769
2737034,CI.EDW2,34.55,-117.43,4.18784939952
4598534,UU.SCY,40.86,-112.18,6.0994015736
2854555,CI.IRM,34.55,-117.43,2.70340197894
2741351,IM.NV01,33.61,-116.46,2.09007443062
5153205,TA.N23A,27.06,-98.68,6.88510470004
4810687,UU.SCUT,40.40,-111.79,10.1629371243
3378051,AZ.PFO,33.62,-116.47,2.81813166809
3340100,IU.ANMO,34.95,-106.46,5.17519328082
2849556,IM.NV31,33.61,-116.46,4.65136622475
2860676,CI.ISA,34.55,-117.43,nan
2849556,TA.R11A,32.89,-117.11,4.05050129528
2850596,CI.MPP,34.55,-117.43,4.20724489887
4808151,LB.MVU,36.28,-117.59,6.53663346099
2848753,CI.MLAC,34.55,-117.43,3.49804628848
3276647,IU.SLBS,34.95,-106.46,5.36079223305
4219627,UU.EPU,40.86,-112.18,7.69166377366
4309440,UU.LHUT,40.86,-112.18,4.24762753466
2688438,AZ.MONP2,33.62,-116.47,3.19317864443
2863450,IM.NV08,48.26,-117.13,3.57745206513
3337572,CI.DAN,34.55,-117.43,6.76975233504
4489138,UU.SCUT,39.82,-110.54,9.78060967465
3567124,AZ.PFO,33.62,-116.47,6.80411528565
4819913,CI.NEE2,35.34,-119.10,8.10823082553
4810688,UU.FSU,40.45,-111.78,8.0770096535
3340100,AZ.SOL,33.62,-116.47,2.74067940877
3340203,IU.TUC,34.95,-106.46,7.2721938321
3329517,TA.435B,27.06,-98.68,7.98664810145
4808109,AZ.CSLB,33.62,-116.47,5.91519848062
5114609,CI.BFS,34.55,-117.43,5.63831749069
4309679,AZ.SOL,33.62,-116.47,3.74142192637
5114609,UU.IAE,40.86,-112.18,6.94759474927
4808249,AZ.CPE,33.62,-116.47,3.24047719095
2848277,IM.NV05,33.61,-116.46,2.11477952801
3378051,CI.MUR,34.55,-117.43,4.7168314617
5004733,UU.PSUT,40.86,-112.18,6.7229499621
4819913,UU.FMC,40.86,-112.18,4.26283361261
3285975,TA.S22A,27.06,-98.68,6.26259683477
3282422,CI.FUR,35.27,-116.07,7.02580584911
4819913,CI.TUQ,35.34,-119.10,8.23170035572
3282422,BK.CMB,40.88,-124.08,5.69085513997
4370421,UU.SUU,40.45,-111.78,8.22696990341
4223281,TA.SPMN,32.67,-100.39,8.08259444484
2768223,IU.RSSD,34.95,-106.46,5.30818046102
3334423,IM.NV10,33.61,-116.46,2.36822651072
4370421,UU.BCE,40.45,-111.78,7.21805378405
3567124,US.NEW,42.77,-111.10,4.35475384146
2719048,CI.PDM,34.55,-117.43,4.36308850622
2849931,AZ.RDM,33.62,-116.47,2.90627336047
4723373,UU.FTT,40.86,-112.18,8.76943191095
2839368,TA.109C,32.89,-117.11,4.40926015532
4219627,CI.BC3,34.55,-117.43,3.32980660221
3378055,CI.MPM,34.55,-117.43,4.79096443032
3337581,AZ.BSAP,33.62,-116.47,5.25156451465
4808109,US.DUG,38.03,-120.39,5.77289860998
3275698,AZ.MONP2,33.62,-116.47,3.88857025006
2848277,CI.RRX,34.55,-117.43,3.53670382819
2872453,CI.BAK,34.55,-117.43,5.97241124612
2850748,CI.VCS,34.55,-117.43,3.62319155717
3343249,CI.SLA,34.55,-117.43,4.26083608066
4819913,UU.OSS,40.86,-112.18,7.03022316017
4819913,UU.CWU,40.86,-112.18,6.79746833481
2847841,CI.BAK,34.55,-117.43,4.35363761634
3378098,US.TPNV,38.03,-120.39,6.71876165576
3275698,IM.NV04,33.61,-116.46,3.4783821695
3986551,AZ.WMC,33.62,-116.47,4.13257406762
3988542,CI.SCI2,34.55,-117.43,5.39580976677
2729575,AZ.PFO,33.62,-116.47,6.18459632083
2863450,IM.NV07,48.26,-117.13,3.60332474958
3378040,CI.MPP,34.55,-117.43,5.56143610284
2848277,LB.DAC,40.43,-117.22,4.4420607904
3414168,CI.IRM,34.55,-117.43,4.47417110295
4816697,CI.GLA,34.55,-117.43,nan
4810688,CI.SCI2,34.55,-117.43,6.36478973086
4723373,IM.NV02,33.61,-116.46,4.08630497566
3340100,CI.GRA,34.55,-117.43,2.81318458226
4814606,TA.O20A,32.53,-107.79,7.87752138037
4814606,TA.WHTX,32.53,-107.79,7.8050844826
4808151,UU.SGSU,39.82,-110.54,8.16735607005
2847597,AZ.SOL,33.62,-116.47,4.07873310911
4810688,UU.FTT,40.45,-111.78,9.43413779083
3414168,TA.Y22D,32.89,-117.11,4.29129012223
2849017,CI.HEC,34.55,-117.43,6.49364905138
4819913,UU.CVRU,40.86,-112.18,4.60014231471
3340203,CI.BAK,34.55,-117.43,6.7806181074
4309679,CI.PDM,34.55,-117.43,5.46455236699
2729763,CI.GLA,34.55,-117.43,nan
4489156,CI.SVD,34.55,-117.43,5.30830883801
4370421,IM.NV03,33.61,-116.46,2.37701507564
3278325,CI.GLA,34.55,-117.43,nan
3337376,IU.RSSD,34.95,-106.46,5.13127619397
4219823,BK.SAO,38.03,-120.39,6.14290674207
2729763,CI.SWS,34.55,-117.43,6.34729615048
2729575,IU.ANMO,34.95,-106.46,6.84636925855
4598534,TA.J01E,48.72,-122.71,7.18680068505
3343249,CI.USC,34.55,-117.43,4.81915818632
2849556,CI.OSI,34.55,-117.43,nan
4810688,AZ.SND,33.62,-116.47,4.59581686056
4489137,TA.109C,32.89,-117.11,6.00688780056
4810688,UU.MPU,40.45,-111.78,10.4560172783
3772598,IU.ANMO,34.95,-106.46,6.88446795043
2847839,LB.MVU,40.43,-117.22,5.48594014857
2849556,IM.NV09,33.61,-116.46,2.01503194162
4219823,UU.TMU,37.79,-113.44,6.29991304323
4808109,IM.NV07,33.61,-116.46,3.09192720161
4219823,AZ.MTRP,33.62,-116.47,6.04989228778
4219823,US.WUAZ,38.03,-120.39,7.43284473482
3179908,TA.214A,32.89,-117.11,3.84218102126
2848499,CI.GMR,34.55,-117.43,4.42043920539
4819913,US.NLWA,42.77,-111.10,3.23330598995
3276647,IM.NV09,33.61,-116.46,2.01166501869
2768223,TA.O20A,48.98,-117.56,7.03602477275
2717538,TA.121A,32.89,-117.11,4.68076614125
2847903,CI.DAN,34.55,-117.43,4.27295630456
3414166,IM.NV07,33.61,-116.46,2.48041876314
4819913,CI.CWC,35.34,-119.10,8.6682322558
5114609,TA.L04D,32.89,-117.11,5.41373119457
4309440,UU.SGU,40.86,-112.18,5.80066023745
2847826,CI.SCI2,34.55,-117.43,6.47447296887
4598534,US.WVOR,42.77,-111.10,4.43238737465
4489137,LB.MVU,36.28,-117.59,6.5038083963
2879782,CI.DGR,34.55,-117.43,4.34447562096
3337577,CI.ISA,34.55,-117.43,nan
2848745,AZ.SOL,33.62,-116.47,3.70983796605
3324625,IU.ANMO,34.95,-106.46,4.24001288779
2729763,CI.GSC,34.55,-117.43,nan
4814606,XU.GRES,40.44,-104.67,5.76415527451
4219627,UU.NPI,40.86,-112.18,6.99360591739
2848639,CI.OSI,34.55,-117.43,nan
4223281,PO.TYNO,44.01,-81.66,4.83842093341
3337572,CI.BEL,34.55,-117.43,8.0494756789
3996084,AZ.RDM,33.62,-116.47,2.41508369244
4816697,UU.AVE,40.86,-112.18,7.15273204307
4309875,UU.MSU,40.86,-112.18,6.33070796466
2850141,CI.BFS,34.55,-117.43,5.06942209714
2838410,AZ.WMC,33.62,-116.47,3.66022458329
3378062,CI.FMP,34.55,-117.43,6.53886115743
3772579,IU.ANMO,34.95,-106.46,6.85594332994
4808249,CI.FMP,34.55,-117.43,3.61437447178
4808150,CI.IKP,34.55,-117.43,5.98949535264
4099263,TA.O02D,48.72,-122.71,8.38360914424
2860676,IU.ANMO,34.95,-106.46,4.87963791175
3378051,CI.BAK,34.55,-117.43,4.69634510539
4489137,UU.SNO,39.82,-110.54,7.3676691803
2737034,CI.SLA,34.55,-117.43,4.08391427329
4808109,IU.ANMO,34.95,-106.46,6.70842091637
3285225,IU.SLBS,34.95,-106.46,3.56253186677
2842278,IU.TUC,34.95,-106.46,5.2887649233
3378039,IM.NV06,33.61,-116.46,2.2466330803
3378038,IU.ANMO,34.95,-106.46,7.17718072845
2717752,CI.BAK,34.55,-117.43,5.59363538891
3320857,CI.BC3,33.66,-115.45,7.30957539697
4810285,IU.WVT,34.95,-106.46,5.74478334828
4598714,UU.SGU,40.86,-112.18,5.6562326165
4370421,UU.MSU,40.45,-111.78,8.01597083411
3337572,CI.BAK,34.55,-117.43,6.63659591106
3324120,TA.833A,27.06,-98.68,5.50384905977
3343246,CI.SNCC,34.55,-117.43,nan
2737919,AZ.MONP2,33.62,-116.47,4.9670577513
2741351,AZ.WMC,33.62,-116.47,3.03807180814
3339727,IU.CCM,38.06,-91.24,4.47317814786
2860676,CI.MWC,34.55,-117.43,4.83174336719
4489156,IM.I57H1,33.61,-116.46,9.26582790099
4808249,AZ.RRSP,33.62,-116.47,4.29832940946
2688438,CI.DAN,34.55,-117.43,3.88282189667
3331920,CI.SBC,34.55,-117.43,5.81521606952
4309440,UU.SJF,40.86,-112.18,6.2690757903
4489137,LB.TPH,36.28,-117.59,4.15557878492
2717752,CI.ARV,34.55,-117.43,5.69336835629
4926955,US.HWUT,48.30,-95.86,4.19597544867
3282422,TA.G03D,48.72,-122.71,7.37570878025
2866352,CI.CWC,34.55,-117.43,5.66883796851
4808249,AZ.MONP2,33.62,-116.47,3.14882394522
2839363,AZ.PFO,33.62,-116.47,3.95538024206
4309875,UU.MLI,40.86,-112.18,5.4652593624
3378039,CI.BBR,34.55,-117.43,5.82228499322
4810687,UU.SPR,40.40,-111.79,8.21109778053
2848606,AZ.PFO,33.62,-116.47,3.47755159819
4598534,CI.VES,35.34,-119.10,6.45772968601
2848058,CI.PDM,34.55,-117.43,3.13837693026
2873964,II.PFO,34.95,-106.46,6.495733039
3331920,CI.OSI,34.55,-117.43,nan
4808099,UU.SPR,39.82,-110.54,8.2812764358
2848753,CI.SNCC,34.55,-117.43,nan
4598534,US.HAWA,42.77,-111.10,3.7841760556
3378043,US.TPNV,40.43,-117.22,7.13256977052
4814606,IU.CCM,34.95,-106.46,5.20545231105
4816697,US.SDCO,42.77,-111.10,5.24196693558
3340203,AZ.PFO,33.62,-116.47,5.95559970468
3988542,IU.ANMO,34.95,-106.46,5.10833080782
3179908,BK.MCCM,37.82,-122.33,5.84064067587
3285225,US.ISCO,34.88,-101.68,3.86203171654
2741351,CI.SMM,34.55,-117.43,1.96128760806
3986518,CI.SVD,34.55,-117.43,6.0397375872
2713283,CI.DAN,34.55,-117.43,5.05457719681
2627754,CI.DJJ,34.55,-117.43,3.14236476352
2686878,CI.SHO,34.55,-117.43,3.22051374481
4489156,UU.MGCU,39.82,-110.54,8.57978953668
2847824,CI.SDD,34.55,-117.43,6.78086109882
4309875,UU.REUT,40.86,-112.18,6.61995486267
3782344,CI.CHF,34.55,-117.43,3.94427182622
3331920,IM.NV07,33.61,-116.46,2.86079759511
4370421,UU.OWUT,40.45,-111.78,7.93957202926
4489138,UU.IMU,39.82,-110.54,7.17383893319
3329517,IU.CCM,34.95,-106.46,5.76816300649
3986528,CI.SHO,34.55,-117.43,4.2813766372
4810687,UU.CRLU,40.40,-111.79,7.12034188472
4309875,IM.NV07,48.26,-117.13,4.75332985075
3343246,IU.TUC,34.95,-106.46,5.11526993244
2879810,AZ.RDM,33.62,-116.47,4.56358230499
3275698,EM.MBB06,41.88,-124.19,2.36702245681
2872453,TA.109C,32.89,-117.11,6.10297589068
2729621,CI.SDD,34.55,-117.43,6.84905217428
4309440,CI.PASC,34.55,-117.43,nan
4370421,IM.NV11,33.61,-116.46,2.86164950063
3414168,AZ.TRO,33.62,-116.47,2.82991883242
4810687,CI.SMM,34.55,-117.43,5.82609186864
3772579,AZ.LVA2,33.62,-116.47,5.68196178361
4215446,IU.WVT,34.95,-106.46,5.40923917721
4598714,UU.BHUT,40.86,-112.18,6.56012899846
3343246,CI.ADO,34.55,-117.43,3.9171875768
3378038,AZ.CPE,33.62,-116.47,3.48900170742
3340203,IU.TUC,34.95,-106.46,7.2721938321
2729621,TA.W18A,32.89,-117.11,7.39455447245
3179908,IU.ANMO,34.95,-106.46,4.43727700477
2848277,CI.BC3,34.55,-117.43,4.7470479232
4598534,UU.WCF,40.86,-112.18,6.3300383919
2847824,CI.PDM,34.55,-117.43,6.71158552953
2847838,IM.NV06,33.61,-116.46,3.0764151875
4598714,UU.OSS,40.86,-112.18,6.582598616
4808249,UU.OCP,40.40,-111.79,7.99099559477
4816697,UU.NOQ3,40.86,-112.18,8.34889371064
2737034,II.PFO,34.95,-106.46,5.39141811452
3337572,CI.MWC,34.55,-117.43,7.90983715781
2848205,CI.ADO,34.55,-117.43,4.23507189259
3772598,CI.IRM,34.55,-117.43,6.80863016447
4810688,AZ.TRAN,33.62,-116.47,5.03432851238
4309440,UO.BUCK,44.20,-122.99,5.85109516846
2879810,CI.RPV,34.55,-117.43,5.0529669352
3278371,CI.MPM,34.55,-117.43,3.22724708668
2839762,CI.SWS,34.55,-117.43,4.87493249993
3337581,CI.DAN,34.55,-117.43,5.29609581762
3276647,CI.DEC,34.55,-117.43,4.87588505882
3343249,AZ.BSAP,33.62,-116.47,4.51149828261
4810687,UU.MMU,40.40,-111.79,8.23336301435
2839918,CI.FUR,34.55,-117.43,4.33493449386
2839368,CI.HEC,34.55,-117.43,5.43302828196
5004733,CI.VTV,34.55,-117.43,5.74221827653
4816697,UU.HRU,40.86,-112.18,7.47006027434
5114609,UO.BUCK,44.20,-122.99,6.59311885126
3180586,IM.NV09,48.26,-117.13,4.44449826429
5004733,UU.HTU,40.86,-112.18,8.60489496395
4808099,AZ.RDM,33.62,-116.47,3.66451475792
2753865,IU.RSSD,44.59,-123.30,5.42331866016
2848205,AZ.LVA2,33.62,-116.47,3.63517497936
4489138,UU.PKCU,39.82,-110.54,6.38829272577
4598714,UU.LGC,40.86,-112.18,5.79013324594
3343246,CI.OSI,34.55,-117.43,nan
3772598,CI.MUR,34.55,-117.43,6.32324490889
2873964,AZ.CPE,33.62,-116.47,3.82546429191
2866352,TA.121A,32.89,-117.11,4.4060559897
2847834,CI.DEC,34.55,-117.43,4.67519559667
3996084,CI.DJJ,34.55,-117.43,4.03532151552
3337573,CI.MUR,34.55,-117.43,6.97226529671
3343249,CI.OSI,34.55,-117.43,nan
3782344,AZ.CSLB,33.62,-116.47,6.45323499165
2847927,LB.TPH,40.43,-117.22,4.39218266847
3180586,CI.TIN,35.27,-116.07,7.71726364753
2848639,CI.PLM,34.55,-117.43,3.96915851598
3331920,CI.SCI2,34.55,-117.43,6.09904941769
2847824,IM.NV31,33.61,-116.46,5.02023671422
3180586,EM.MBB06,49.08,-113.31,1.13048479637
4558126,UU.SCC,40.86,-112.18,6.00723108007
5161565,TA.WHTX,27.06,-98.68,7.91838352231
2863451,CI.VES,34.55,-117.43,2.06338348699
2713283,CI.SMM,34.55,-117.43,3.50320699993
3378098,IU.ANMO,34.95,-106.46,7.02270679897
2866352,IM.NV06,33.61,-116.46,2.97614727677
2727302,IU.CCM,38.06,-91.24,3.35255518166
4309440,UU.ARGU,40.86,-112.18,5.06911707825
4309440,US.LKWY,42.77,-111.10,4.98670882418
2848753,LB.BMN,40.43,-117.22,5.73001962016
3567124,IU.ANMO,34.95,-106.46,7.80043050918
2873964,IU.TUC,34.95,-106.46,6.35406187064
2854555,CI.RRX,34.55,-117.43,2.66919985968
3337573,AZ.WMC,33.62,-116.47,6.17388349964
5004733,CI.IRM,34.55,-117.43,5.93951145746
3378051,CI.VES,34.55,-117.43,3.1276758033
2627754,IM.NV04,33.61,-116.46,2.08035176592
2848032,LB.BMN,40.43,-117.22,5.43633609761
2737034,AZ.LVA2,33.62,-116.47,2.92142245648
4311232,IM.I57L2,33.61,-116.46,9.03093854654
2713283,CI.ARV,34.55,-117.43,3.43950261779
4309440,US.HAWA,42.77,-111.10,4.25793470099
2847824,CI.PHL,34.55,-117.43,nan
2842558,AZ.TRO,33.62,-116.47,3.90777617752
3276647,IU.ANMO,34.95,-106.46,4.7991415495
2848205,CI.DJJ,34.55,-117.43,5.26672903636
2737034,CI.GSC,34.55,-117.43,nan
2863450,EM.MBB06,49.08,-113.31,-0.29928180015
2872449,CI.BAK,34.55,-117.43,7.31270731426
2839368,CI.GLA,34.55,-117.43,nan
3567124,TA.N02D,32.89,-117.11,8.34173339291
4808109,AZ.LVA2,33.62,-116.47,4.16440099409
3343246,TA.W18A,32.89,-117.11,4.00199490022
4219627,UU.PCCW,40.86,-112.18,6.3903576444
3276647,CI.RPV,34.55,-117.43,5.34016656537
2729763,CI.PHL,34.55,-117.43,nan
2848499,IM.NV03,33.61,-116.46,2.62351823443
3782344,CI.BAR,34.55,-117.43,nan
2849931,IU.TUC,34.95,-106.46,4.93465238178
4309679,IM.NV01,33.61,-116.46,3.3336625114
3996084,TA.109C,32.89,-117.11,5.00313708841
4369646,ZL.A01,34.62,-89.51,7.35541148998
2879811,CI.MWC,34.55,-117.43,4.9275740873
2847597,IU.ANMO,34.95,-106.46,4.88998118056
4370421,CI.Q0045,34.55,-117.43,6.2005924341
3337577,TA.R11A,32.89,-117.11,7.14300534697
3285975,AZ.BZN,33.62,-116.47,6.50555991764
4808249,UU.VRUT,40.40,-111.79,6.71549355628
3331920,CI.SNCC,34.55,-117.43,3.39712688815
4558126,UU.VRUT,40.86,-112.18,4.40119800806
4816697,CI.USC,34.55,-117.43,6.65264507768
2729763,TA.109C,32.89,-117.11,6.9023106454
3320857,TA.T25A,32.54,-114.58,10.0175125202
4808249,CI.VTV,34.55,-117.43,5.5926385701
3378062,CI.ISA,34.55,-117.43,nan
4311232,CI.SNCC,34.55,-117.43,3.99701138921
4309679,CI.GLA,34.55,-117.43,3.12235221501
2847903,II.PFO,34.95,-106.46,5.74070587794
3275698,TA.109C,32.89,-117.11,6.84683908162
4489138,UU.DWU,39.82,-110.54,6.0750762191
3337577,CI.GMR,34.55,-117.43,6.80797249786
2838410,CI.FMP,34.55,-117.43,3.93929458762
4808151,IM.NV05,33.61,-116.46,2.96307605663
4489138,UU.KNB,39.82,-110.54,6.35209048148
4489138,IM.NV08,33.61,-116.46,3.32309718087
2627754,CI.SNCC,34.55,-117.43,nan
5153819,US.BRAL,34.88,-101.68,4.02369806751
2847838,IU.ANMO,34.95,-106.46,6.28293688495
2849556,CI.VCS,34.55,-117.43,3.5213817641
4309875,TA.K22A,49.05,-120.38,8.14702805258
2849017,US.BMO,42.77,-111.10,1.64941480043
4808099,CI.ARV,34.55,-117.43,5.47981652805
3340100,CI.IKP,34.55,-117.43,5.11875252255
4309875,UU.FTT,40.86,-112.18,5.94566180622
4489138,IM.NV03,33.61,-116.46,3.04285160615
4489156,CI.Q0030,34.55,-117.43,6.33264146358
5114609,CI.CWC,34.55,-117.43,5.95167423048
3340100,AZ.CRY,33.62,-116.47,3.00342199272
4219823,US.MNTX,38.03,-120.39,6.12969102435
2410538,CI.SWS,33.66,-115.45,7.20773938431
2879810,CI.BBR,34.55,-117.43,4.81522808074
2719048,IU.ANMO,34.95,-106.46,4.84179806489
3378038,US.DUG,40.43,-117.22,5.62187992455
2713283,CI.BEL,34.55,-117.43,3.40580939472
2753865,IU.COR,44.59,-123.30,5.09565007083
4219823,AZ.TUBB,33.62,-116.47,5.95886396019
2842278,CI.NEE2,34.55,-117.43,6.54861800617
4215446,US.AMTX,34.88,-101.68,4.31064474517
3414166,IU.ANMO,34.95,-106.46,7.2088129678
4598714,UU.NOQ,40.86,-112.18,4.08499848417
3378040,BK.SAO,37.82,-122.33,5.72864671586
3282422,BK.HUMO,40.88,-124.08,5.17742854211
4220042,TA.121A,32.89,-117.11,5.03726665541
2860676,IM.NV04,33.61,-116.46,1.97214101558
3337376,IU.WVT,34.95,-106.46,6.02597733731
3337572,AZ.MONP2,33.62,-116.47,5.89995153683
2839339,AZ.BZN,33.62,-116.47,4.26105361855
3180586,CI.NEE2,35.27,-116.07,7.71188852857
4808150,AZ.LVA2,33.62,-116.47,4.18142174503
2727302,IU.SSPA,38.06,-91.24,2.70855682283
3988542,CI.TIN,34.55,-117.43,2.76659656049
2872449,CI.BAR,34.55,-117.43,nan
2847826,CI.TUQ,34.55,-117.43,5.08544366823
2627754,IM.NV05,33.61,-116.46,1.71494691098
2863450,TA.KSCO,48.72,-122.71,7.34924063669
4370421,IM.NV02,33.61,-116.46,2.60938708612
4819913,CI.ISA,35.34,-119.10,nan
2842559,CI.FUR,34.55,-117.43,4.08849802086
4309875,UU.RPF,40.86,-112.18,5.71364738781
3179908,II.PFO,34.95,-106.46,4.87098582385
2879810,CI.PDM,34.55,-117.43,4.69785459303
2848753,CI.DAN,34.55,-117.43,4.22660311869
2848639,CI.DAN,34.55,-117.43,3.92168460609
3276647,LB.DAC,40.43,-117.22,4.66930435697
4810688,CI.BFS,34.55,-117.43,11.0335825131
2677852,AZ.CSLB,33.62,-116.47,4.59715918124
3378062,AZ.TRO,33.62,-116.47,4.38913622355
2725882,IU.WCI,38.06,-91.24,4.94440642143
5165604,UU.MGCU,39.82,-110.54,8.7549651163
2839358,CI.SMM,34.55,-117.43,4.40285693529
4808150,IM.NV04,33.61,-116.46,3.30102245543
2713283,AZ.SMER,33.62,-116.47,4.27729580288
3334423,TA.O20A,32.89,-117.11,4.88149495014
2848639,AZ.BZN,33.62,-116.47,4.45762860144
2872453,TA.214A,32.89,-117.11,6.77569021585
3282422,CI.SHO,35.27,-116.07,6.92547252639
3378043,CI.RRX,34.55,-117.43,5.54853678725
3337573,AZ.MTRP,33.62,-116.47,6.30028336224
3378055,CI.SLA,34.55,-117.43,5.37857981958
2839339,CI.SBC,34.55,-117.43,4.84018701796
4808109,UU.LSU,39.82,-110.54,8.96323754571
5114609,CI.IRM,34.55,-117.43,6.03702901885
2842558,CI.BC3,34.55,-117.43,5.93614618683
2847903,CI.PHL,34.55,-117.43,nan
4489138,AZ.HSSP,33.62,-116.47,6.11821741067
3414166,CI.OSI,34.55,-117.43,nan
3282422,CI.MLAC,35.27,-116.07,5.89095307108
2849017,IU.ANMO,34.95,-106.46,4.72718825876
3378039,CI.VES,34.55,-117.43,4.97590283531
2872453,IM.NV01,33.61,-116.46,4.34802310462
4099263,CI.MLAC,35.27,-116.07,6.20849503501
4808109,CI.MLAC,34.55,-117.43,5.25751135473
5004733,UU.BRP2,40.86,-112.18,10.7180308495
3285777,CI.DAN,34.55,-117.43,6.45283576273
2768223,IU.ANMO,34.95,-106.46,5.52542316985
2872509,CI.RRX,34.55,-117.43,5.21638019355
4309440,UU.BHUT,40.86,-112.18,6.43913013552
3331920,US.SDCO,38.03,-120.39,6.12480726045
2848639,IM.NV04,33.61,-116.46,1.59494638837
2732488,IM.NV03,48.26,-117.13,4.17549878996
2850141,CI.CWC,34.55,-117.43,5.50010229105
2627754,CI.BAK,34.55,-117.43,3.78202513002
3285777,CI.TIN,34.55,-117.43,5.22311009199
2729763,AZ.CSLB,33.62,-116.47,6.8388772465
4598534,TA.L04D,48.72,-122.71,6.45038530908
2848032,CI.NEE2,34.55,-117.43,5.0447316188
3340100,AZ.SETM,33.62,-116.47,4.37226397984
4808151,UU.SPR,39.82,-110.54,8.45300137626
3567124,CI.ADO,34.55,-117.43,7.21972330536
4220042,CI.DAN,34.55,-117.43,4.71424845579
3378055,AZ.LVA2,33.62,-116.47,3.92588920527
4808150,UU.MSU,39.82,-110.54,7.7312090121
2686878,IU.TUC,34.95,-106.46,7.63182938211
4808151,CI.PDM,34.55,-117.43,4.69959094918
4558126,UU.TPU,40.86,-112.18,5.95212071871
3567124,TA.F04D,32.89,-117.11,8.36881283041
2849556,LB.DAC,40.43,-117.22,4.10332581679
2848639,CI.FUR,34.55,-117.43,2.81022451282
4309875,UU.SCY,40.86,-112.18,5.77004465806
3378038,CI.CWC,34.55,-117.43,4.99816151466
2863451,CI.FUR,34.55,-117.43,1.81305630834
4489156,UU.KEUT,39.82,-110.54,9.35588484275
2848606,CI.GLA,34.55,-117.43,nan
4370421,CI.MUR,34.55,-117.43,5.41038592569
3320863,CI.PDM,33.66,-115.45,6.03729004741
4220042,CI.FUR,34.55,-117.43,5.28846394011
3282422,TA.I04A,48.72,-122.71,7.44733647664
2768223,CN.ULM,49.67,-93.73,5.50092091305
3986518,TA.121A,32.89,-117.11,5.17498303893
2848606,CI.SCZ2,34.55,-117.43,4.69381127506
3337568,AZ.FRD,33.62,-116.47,5.92016733586
4223281,TA.W39A,32.67,-100.39,7.94605421081
2848032,CI.SDD,34.55,-117.43,4.80035767447
3414166,CI.SWS,34.55,-117.43,3.32796055901
3331920,CI.SLA,34.55,-117.43,5.28512214262
4489137,UU.BCE,39.82,-110.54,7.80765442823
3337376,IM.TX31,29.33,-103.67,4.16141545903
2677852,CI.IRM,34.55,-117.43,3.057793362
2850747,CI.DJJ,34.55,-117.43,4.09265663561
2847826,AZ.RDM,33.62,-116.47,5.10297101852
2850748,AZ.CRY,33.62,-116.47,3.24978240466
4808249,CI.DGR,34.55,-117.43,6.74629305428
3986551,IM.NV01,33.61,-116.46,3.13851969797
4816697,UU.NPI,40.86,-112.18,5.97701814489
5165604,US.MNTX,34.88,-101.68,3.79030675795
3331920,CI.VTV,34.55,-117.43,5.83677028092
3331920,CI.MPM,34.55,-117.43,4.17233959346
4219627,UU.PEUT,40.86,-112.18,10.4508851217
4219627,UU.DCM,40.86,-112.18,7.5691312444
2838410,AZ.CRY,33.62,-116.47,3.62183845941
3320857,US.CBKS,42.77,-111.10,5.74503383116
2847934,CI.RRX,34.55,-117.43,4.11385322167
2850747,CI.MPP,34.55,-117.43,4.65741801624
4309875,UU.MAB,40.86,-112.18,5.17041875222
3337581,CI.BC3,34.55,-117.43,4.87720294241
3329517,TA.Y22D,27.06,-98.68,9.58627578139
2737919,TA.H17A,32.89,-117.11,6.17939713191
4489156,UU.PSUT,39.82,-110.54,6.99721570532
2850141,AZ.PFO,33.62,-116.47,3.21059977525
3285975,IU.ANMO,34.95,-106.46,3.26560063139
2872509,CI.GMR,34.55,-117.43,7.11421243815
2410538,CI.NEE2,33.66,-115.45,9.04305642072
4816697,UU.NAIU,40.86,-112.18,7.67774933417
5004733,TA.109C,32.89,-117.11,4.77384930145
2848639,CI.USC,34.55,-117.43,4.72102294764
4219627,AZ.IWR,33.62,-116.47,2.58976107783
3285225,AZ.SETM,33.62,-116.47,7.38945554011
2847597,CI.SWS,34.55,-117.43,5.46540985206
4369646,IU.WVT,34.95,-106.46,5.83364905191
4816697,CI.VOG,34.55,-117.43,3.94900372532
3179908,CI.BAR,34.55,-117.43,nan
4819913,UU.DBD,40.86,-112.18,5.81619327756
3337568,IU.TUC,34.95,-106.46,7.733491585
2847826,AZ.LVA2,33.62,-116.47,4.41295465771
2847838,AZ.LVA2,33.62,-116.47,3.97336181194
4810688,TA.Y22D,32.89,-117.11,5.74649606348
2842558,LB.MVU,40.43,-117.22,5.70720819889
3340203,CI.SVD,34.55,-117.43,7.75145418666
2848499,IM.NV02,33.61,-116.46,2.5000975089
4598534,UU.SGU,40.86,-112.18,5.58684598031
3988542,LB.DAC,40.43,-117.22,4.70047531492
3337577,AZ.SOL,33.62,-116.47,3.98383970849
3331920,AZ.FRD,33.62,-116.47,3.7892193998
3179908,CI.PLM,34.55,-117.43,5.11652563576
4311232,CI.OSI,34.55,-117.43,nan
3275698,IM.NV07,33.61,-116.46,3.6778535888
4369646,TA.X43A,27.06,-98.68,7.77638311543
2848606,CI.USC,34.55,-117.43,5.19411811177
5153819,TA.TUL1,27.06,-98.68,8.15027527189
2839762,LB.TPH,36.28,-117.59,3.87007339596
4309440,AZ.SOL,33.62,-116.47,3.14751901886
2753865,CN.LLLB,52.04,-119.24,5.35020935488
4808109,UU.TCRU,39.82,-110.54,6.76316979052
4808150,UU.SNO,39.82,-110.54,7.28526115045
4311232,CI.TIN,34.55,-117.43,5.94672028117
3414166,CI.EDW2,34.55,-117.43,3.89425208408
4219627,UU.UHP,40.86,-112.18,8.63723018264
3333344,BK.SAO,37.95,-121.87,6.07357402904
3327016,TA.X40A,27.06,-98.68,8.24994086892
2847824,CI.DJJ,34.55,-117.43,7.05501621562
4219627,UU.ROA,40.86,-112.18,7.46229588442
4489138,CI.PHL,34.55,-117.43,nan
2842558,AZ.BZN,33.62,-116.47,3.6431053205
5166070,US.ECSD,34.88,-101.68,3.44666652025
4808249,AZ.TMSP,33.62,-116.47,3.01799979747
3378038,CI.PASC,34.55,-117.43,nan
5153819,TA.Y22D,27.06,-98.68,7.57603113461
4369646,US.KVTX,34.88,-101.68,4.08941535825
4489156,UU.SNO,39.82,-110.54,7.5787592906
3278325,CI.CWC,34.55,-117.43,5.37972040076
2847839,IU.ANMO,34.95,-106.46,6.24516331734
2842278,CI.FMP,34.55,-117.43,4.26778904285
2737034,TA.121A,32.89,-117.11,4.51689044992
3285777,CI.TUQ,34.55,-117.43,5.64250221868
4808151,UU.SCY,39.82,-110.54,8.6544915862
4219627,CI.DGR,34.55,-117.43,4.49074455732
2849698,CI.GSC,34.55,-117.43,nan
4814606,US.MIAR,34.88,-101.68,4.56291126117
3337577,AZ.WMC,33.62,-116.47,4.838994986
3378055,AZ.WMC,33.62,-116.47,3.97192409041
2860676,CI.CHF,34.55,-117.43,3.70925049873
3988542,CI.SHO,34.55,-117.43,2.4949442499
2839363,CI.HEC,34.55,-117.43,4.35194195602
3340203,CI.GMR,34.55,-117.43,7.84560568216
4219627,CI.OSI,34.55,-117.43,nan
3320863,IU.ANMO,34.95,-106.46,3.5383196
5004733,CI.MPM,34.55,-117.43,5.85364426119
3414166,IM.NV05,33.61,-116.46,2.06128092529
4808150,IM.NV05,33.61,-116.46,2.97824918792
2467160,CI.GRA,34.55,-117.43,3.16331137681
4489138,CI.RPV,34.55,-117.43,5.69797666264
4723373,CI.Q0059,34.55,-117.43,6.91184110221
4309679,CI.PHL,34.55,-117.43,nan
2867472,IM.NV01,33.61,-116.46,1.63974054243
3567124,CI.SDD,34.55,-117.43,7.8394796477
3276647,CI.BAK,34.55,-117.43,5.16490894619
2732488,CI.GLA,34.55,-117.43,nan
2879810,CI.OSI,34.55,-117.43,nan
4489137,IM.I57H3,33.61,-116.46,9.12733383032
5114609,TA.TPFO,32.89,-117.11,5.41592765861
2796754,TA.T25A,48.98,-117.56,6.81080993501
5114609,XU.GRWE,40.44,-104.67,6.66272173606
4370421,UU.NOQ3,40.45,-111.78,7.53913570442
2847826,TA.O20A,32.89,-117.11,5.39239148868
2847927,AZ.PFO,33.62,-116.47,3.13533925664
2850748,AZ.LVA2,33.62,-116.47,3.06280470944
3337568,CI.ARV,34.55,-117.43,6.45187133137
4370421,UU.BSS,40.45,-111.78,8.24201726721
4558126,UU.BHUT,40.86,-112.18,5.85007069841
2849017,AZ.LVA2,33.62,-116.47,6.23623974567
2737034,AZ.CRY,33.62,-116.47,2.96646257021
2863450,IU.RSSD,44.59,-123.30,5.13378417331
4309440,LB.BMN,40.43,-117.22,2.40084134093
2839358,TA.214A,32.89,-117.11,4.9092091472
2839358,IU.ANMO,34.95,-106.46,5.73168260189
3337572,CI.NEE2,34.55,-117.43,7.84370189999
2872509,II.PFO,34.95,-106.46,5.72014447848
2839918,IM.NV06,33.61,-116.46,2.86335800458
4598714,UU.HAFB,40.86,-112.18,6.3447783569
3986551,CI.GRA,34.55,-117.43,4.48046955203
2850596,AZ.SOL,33.62,-116.47,2.92837889946
2839368,CI.SCI2,34.55,-117.43,4.26231514104
3331920,AZ.KNW,33.62,-116.47,4.1262416377
4489138,IU.TUC,34.95,-106.46,5.30018997582
4598534,UU.RPF,40.86,-112.18,6.19904442749
3986518,CI.PHL,34.55,-117.43,nan
4219627,CI.SBC,34.55,-117.43,4.88091784823
2847839,CI.GRA,34.55,-117.43,3.21187820377
5161565,US.OXF,34.88,-101.68,3.80083260233
2849017,LB.DAC,40.43,-117.22,2.78750774416
3414168,IM.NV04,33.61,-116.46,2.42115238671
2848606,CI.ISA,34.55,-117.43,nan
2879782,CI.SCI2,34.55,-117.43,5.67549905991
3180586,UO.BUCK,44.20,-122.99,5.18584112671
3343246,BK.CMB,37.82,-122.33,5.39454117768
4309875,UU.LCMT,40.86,-112.18,3.82040100557
4808249,IU.ANMO,34.95,-106.46,6.26313138355
4220042,UU.BHUT,37.79,-113.44,7.64535104243
3567124,US.LAO,42.77,-111.10,4.68205323785
3329517,TA.W41B,27.06,-98.68,7.8089680424
4808151,CI.USC,34.55,-117.43,6.31505094739
3378055,CI.SWS,34.55,-117.43,5.64245273776
3278325,TA.TPFO,32.89,-117.11,5.00832546333
2839339,CI.BFS,34.55,-117.43,5.01377674229
4808099,CI.CWC,34.55,-117.43,3.74574525408
4489137,CI.GMR,34.55,-117.43,5.78074807389
2847841,CI.VES,34.55,-117.43,4.6789469362
4219627,IM.NV07,33.61,-116.46,2.03319508797
2839368,IM.NV07,33.61,-116.46,2.80267272389
2850747,CI.FUR,34.55,-117.43,3.12437816904
4810687,CI.VOG,34.55,-117.43,5.74276138402
3278325,CI.NEE2,34.55,-117.43,4.0171540438
2719048,CI.FMP,34.55,-117.43,5.00504792033
4723373,AZ.MTRP,33.62,-116.47,6.63771179197
4819913,UU.SAIU,40.86,-112.18,5.75696289002
3986528,CI.MLAC,34.55,-117.43,4.25197516583
2879811,CI.RPV,34.55,-117.43,4.60607186142
2847597,AZ.CSLB,33.62,-116.47,5.74679366361
4309875,CI.GMR,35.27,-116.07,5.05828228443
4598714,UU.MID,40.86,-112.18,7.04437453751
3276647,CI.SHO,34.55,-117.43,2.96186647925
4219627,CI.CWC,34.55,-117.43,4.31359885687
3414166,II.PFO,34.95,-106.46,6.1747227917
4723373,UU.MLI,40.86,-112.18,7.6266738129
4370421,CI.Q0048,34.55,-117.43,5.69923006968
3378039,CI.FUR,34.55,-117.43,5.05155723252
4370421,IM.NV05,33.61,-116.46,2.55100953263
4099263,CI.GSC,35.27,-116.07,nan
5114609,UU.LSU,40.86,-112.18,6.72313253825
3337581,AZ.BZN,33.62,-116.47,5.13202918638
4808109,UU.LCMT,39.82,-110.54,6.84072575011
3320857,TA.O20A,32.54,-114.58,7.5103232796
3337568,CI.CHF,34.55,-117.43,6.80526356566
2849017,TA.BGNE,32.54,-114.58,6.83686857174
4489138,CI.SBC,34.55,-117.43,4.77351942188
4219823,TA.R11A,32.89,-117.11,5.19081955393
2847934,CI.SHO,34.55,-117.43,2.90002577174
4309440,IU.ANMO,34.95,-106.46,6.10426475949
3206602,US.HWUT,40.43,-117.22,4.17132974794
2866352,AZ.SMER,33.62,-116.47,4.27304702791
3343246,US.MVCO,40.43,-117.22,5.77241980654
3320857,TA.U40A,32.54,-114.58,4.67128806087
3337577,CI.NEE2,34.55,-117.43,6.89106848046
3320863,TA.TUL1,32.54,-114.58,7.5557605199
2847934,AZ.KNW,33.62,-116.47,3.9565958276
3414168,AZ.TONN,33.62,-116.47,4.57331864783
3378051,CI.PASC,34.55,-117.43,nan
2847903,IM.NV09,33.61,-116.46,2.80297606078
4489137,CI.BBR,34.55,-117.43,5.7678890027
4223281,XO.KG27,37.75,-87.81,5.30891471595
2850141,CI.ISA,34.55,-117.43,nan
3206602,CI.SMM,34.55,-117.43,4.88082374048
2838203,CI.VCS,34.55,-117.43,5.75395237637
4099263,TA.K22A,48.72,-122.71,8.14255954851
2839339,TA.214A,32.89,-117.11,5.24461496334
4819913,UU.PCR,40.86,-112.18,5.76515457668
2842559,CI.BBR,34.55,-117.43,5.37707951443
4489137,IM.TX31,33.61,-116.46,2.89871809202
3180586,CI.GRA,35.27,-116.07,7.71263127924
3337577,AZ.LVA2,33.62,-116.47,4.72103857627
3180025,LB.BMN,40.43,-117.22,4.67528191722
2879811,IM.NV31,33.61,-116.46,3.12967785759
3275698,CI.CWC,34.55,-117.43,4.9458751196
4598714,UU.PSUT,40.86,-112.18,3.93425384572
3285975,TA.Y22D,27.06,-98.68,8.10708023075
2848277,CI.CIA,34.55,-117.43,3.47404278864
2848745,LB.MVU,40.43,-117.22,6.12566968018
2847903,IM.NV08,33.61,-116.46,2.99832192646
3179908,BK.SAO,37.82,-122.33,4.94660249158
4814606,TA.K22A,32.53,-107.79,6.77627148132
4370421,UU.ALT,40.45,-111.78,7.97598825286
2839339,CI.CWC,34.55,-117.43,6.29236957136
3180586,TA.Y22D,48.72,-122.71,9.60513129611
2842558,IM.NV07,33.61,-116.46,2.9544567228
2848745,IU.ANMO,34.95,-106.46,4.48352106592
2717752,CI.VES,34.55,-117.43,4.70611556765
5165604,TA.833A,27.06,-98.68,7.49880040713
3337581,AZ.KNW,33.62,-116.47,4.62699476635
4489137,CI.VES,34.55,-117.43,6.46123642694
4309440,UU.HLJ,40.86,-112.18,5.62595356174
3278371,AZ.CRY,33.62,-116.47,3.99921676379
4558126,UU.DCM,40.86,-112.18,5.37569754417
3334423,LB.BMN,40.43,-117.22,4.79007278986
2627754,IU.ANMO,34.95,-106.46,5.10891101304
3986518,LB.MVU,40.43,-117.22,6.04770408589
3378098,AZ.MONP2,33.62,-116.47,3.85617078476
3337581,CI.PASC,34.55,-117.43,nan
3986551,CI.CWC,34.55,-117.43,5.99916108573
3337581,CI.GMR,34.55,-117.43,6.55140765793
3986518,TA.Y22D,32.89,-117.11,6.06968373353
2686878,CI.CIA,34.55,-117.43,3.72571485043
4489137,IM.I57L2,33.61,-116.46,8.93467031825
2879782,CI.BAR,34.55,-117.43,nan
3986528,IM.NV06,33.61,-116.46,2.83779181598
3276647,AZ.KNW,33.62,-116.47,3.69291527026
4489137,AZ.BZN,33.62,-116.47,4.51261688489
3179908,TA.R11A,32.89,-117.11,4.00414936413
3337577,AZ.SND,33.62,-116.47,4.85237119292
2839762,CI.VCS,34.55,-117.43,4.43281653284
2867472,CI.VTV,34.55,-117.43,3.7950622976
5114609,US.HWUT,42.77,-111.10,5.10583656416
4810688,UU.GMU,40.45,-111.78,6.79283729252
4220042,UU.FLU,37.79,-113.44,7.04056733282
3343246,CI.FUR,34.55,-117.43,4.60470969298
4309440,CI.CHF,34.55,-117.43,3.73169125132
2688438,CI.FMP,34.55,-117.43,4.59879352886
2847834,IM.NV02,33.61,-116.46,2.96338155528
2838410,CI.BAK,34.55,-117.43,4.91607822958
4220042,AZ.WMC,33.62,-116.47,3.9285188655
3276647,CI.RRX,34.55,-117.43,3.6082663531
4219823,CI.SBC,34.55,-117.43,4.11436694095
5004733,CI.TUQ,34.55,-117.43,6.58825160554
4219627,UU.AVE,40.86,-112.18,7.7464509909
4808249,UU.ICU,40.40,-111.79,7.32550241836
4810687,UU.PSUT,40.40,-111.79,6.29577501337
4723373,UU.WVUT,40.86,-112.18,6.49012345094
2717538,CI.SHO,34.55,-117.43,5.79786024637
2873964,IU.TUC,34.95,-106.46,6.35406187064
2847903,CI.OSI,34.55,-117.43,nan
4808099,II.PFO,34.95,-106.46,5.9913919266
3324625,TA.435B,27.06,-98.68,7.76957379683
2798344,UO.DBO,44.20,-122.99,7.33807896446
3378039,AZ.SETM,33.62,-116.47,3.70321181138
2848745,CI.SLA,34.55,-117.43,3.80685959998
3278325,CI.GRA,34.55,-117.43,5.29413619398
2729575,CI.SMM,34.55,-117.43,5.14716015295
3329517,TA.WHTX,27.06,-98.68,7.4785696718
4309440,AZ.KNW,33.62,-116.47,4.1260822983
4819913,UU.HCSU,40.86,-112.18,6.01782438132
5153819,IU.WCI,34.95,-106.46,4.60200389023
3320857,TA.435B,32.54,-114.58,8.00344633167
4810687,CI.FMP,34.55,-117.43,5.86087397341
2729621,AZ.RDM,33.62,-116.47,5.74763742553
2848205,AZ.SMER,33.62,-116.47,4.1795250262
3206602,TA.TPFO,32.89,-117.11,4.08210387798
2729621,CI.SHO,34.55,-117.43,6.33549684832
5004733,UU.AVE,40.86,-112.18,8.56829191579
4819913,UU.BES,40.86,-112.18,6.74297622943
2847597,CI.DJJ,34.55,-117.43,5.25105789392
2866352,AZ.SCI2,33.62,-116.47,5.2983865711
2717752,CI.SVD,34.55,-117.43,4.38574362141
3772579,CI.LRL,34.55,-117.43,7.24674729793
3414166,CI.DJJ,34.55,-117.43,4.77902400015
2839363,CI.IRM,34.55,-117.43,5.19757232042
2849698,CI.PHL,34.55,-117.43,nan
2847834,CI.BBR,34.55,-117.43,5.99938010411
4723373,CI.SHO,34.55,-117.43,6.31385954337
3285225,AZ.PFO,33.62,-116.47,7.26688257366
4099263,IM.NV02,48.26,-117.13,4.117939356
4808150,UU.BRP2,39.82,-110.54,10.8901479476
2850596,IM.NV04,33.61,-116.46,2.23024398124
3414166,LB.DAC,40.43,-117.22,4.16259163514
2847824,CI.MUR,34.55,-117.43,6.96752791747
2729763,CI.BEL,34.55,-117.43,3.86015342185
4489156,CI.BAR,34.55,-117.43,6.07941215305
3325003,US.SCIA,34.88,-101.68,4.60639591858
4810285,US.KSU1,34.88,-101.68,4.56427464069
4309440,CI.VOG,34.55,-117.43,3.81982493479
5114609,CI.VTV,34.55,-117.43,5.84154333701
2879782,CI.GSC,34.55,-117.43,nan
3325003,IU.ANMO,34.95,-106.46,5.37719081388
3337568,CI.PASC,34.55,-117.43,nan
3285225,II.PFO,34.95,-106.46,4.25933817083
3340100,CI.BC3,34.55,-117.43,2.73480411708
2717752,CI.RPV,34.55,-117.43,4.35859078838
2848639,AZ.SCI2,33.62,-116.47,3.59733440711
2839363,IU.ANMO,34.95,-106.46,5.44003222052
3285975,CI.TUQ,33.64,-116.40,8.96571305676
2848639,CI.GMR,34.55,-117.43,4.54698764638
4598534,CI.ISA,35.34,-119.10,nan
2848745,AZ.SCI2,33.62,-116.47,2.9235002494
2719048,IU.ANMO,34.95,-106.46,5.16975384348
2737919,AZ.KNW,33.62,-116.47,5.10728366092
3275698,IU.RSSD,34.95,-106.46,4.06816746368
2737015,CI.MWC,34.55,-117.43,4.84871939955
3278503,TA.U40A,27.06,-98.68,5.91969837195
4369646,IM.TX31,29.33,-103.67,4.55002397299
2842559,CI.SLA,34.55,-117.43,3.81623605853
4309875,UU.PCL,40.86,-112.18,5.87599381192
5165604,TA.W41B,27.06,-98.68,7.33395146379
5165604,US.MIAR,34.88,-101.68,3.99945313856
2410538,CI.IRM,33.66,-115.45,6.3929261159
2847839,IU.SLBS,34.95,-106.46,6.21047248444
4099263,TA.BGNE,48.72,-122.71,7.94636085
2866352,IU.ANMO,34.95,-106.46,5.22233769665
3333344,CI.MPP,34.55,-117.43,5.79420131232
4808150,UU.BHU,39.82,-110.54,8.83510840056
2737919,IU.COR,34.95,-106.46,5.28441424329
3320857,IU.ANMO,34.95,-106.46,3.47521567684
5004733,UU.EMU,40.86,-112.18,8.41629210549
2873964,CI.MPM,34.55,-117.43,5.77020879589
3331920,BK.CMB,37.82,-122.33,6.14488837097
3276647,AZ.BZN,33.62,-116.47,3.36608432192
4370421,BK.SAO,37.82,-122.33,5.557552473
4370421,UU.EKU,40.45,-111.78,9.65656446224
4808249,CI.SMM,34.55,-117.43,4.3523864501
4810687,IU.ANMO,34.95,-106.46,6.60247677863
2848058,CI.CWC,34.55,-117.43,5.33428661214
2847839,CI.PHL,34.55,-117.43,nan
3180025,AZ.LVA2,33.62,-116.47,4.39189959943
3324625,IU.WCI,34.95,-106.46,4.51265166297
4311232,CI.GRA,34.55,-117.43,5.95409706402
2847826,AZ.CSLB,33.62,-116.47,4.58179507717
4598534,UU.CWU,40.86,-112.18,6.85878435135
2848277,CI.HEC,34.55,-117.43,4.37546866642
2847834,CI.NEE2,34.55,-117.43,6.05515453031
4816697,CI.SNCC,34.55,-117.43,5.7824045722
3278325,IU.TUC,34.95,-106.46,5.61866365579
2850596,CI.BAR,34.55,-117.43,nan
2879782,TA.W18A,32.89,-117.11,3.81014439493
2842278,CI.SMM,34.55,-117.43,5.85513486916
4309875,UU.FLU,40.86,-112.18,4.81652132026
2850143,CI.PHL,34.55,-117.43,nan
4489137,CI.MLAC,34.55,-117.43,9.52757008475
2847927,IU.TUC,34.95,-106.46,5.2989797705
4810687,AZ.RDM,33.62,-116.47,4.28523308008
2732488,AZ.LVA2,33.62,-116.47,5.37036232581
4819913,US.AHID,42.77,-111.10,3.23811454048
4723373,CI.Q0012,34.55,-117.43,6.88497460486
2848058,CI.HEC,34.55,-117.43,4.53999927077
4309679,TA.109C,32.89,-117.11,6.06010322601
4816697,CI.DGR,34.55,-117.43,6.07068396178
2849931,CI.SWS,34.55,-117.43,4.73936682917
4723373,UU.HMU,40.86,-112.18,6.43188830363
3378055,CI.RPV,34.55,-117.43,4.70038829219
4489156,CI.Q0059,34.55,-117.43,6.22207113506
2798344,AZ.CPE,33.62,-116.47,3.54280896825
5004733,IM.NV09,33.61,-116.46,2.83819727187
3378043,CI.BEL,34.55,-117.43,4.82546825456
2847903,CI.BEL,34.55,-117.43,3.99025348869
2741351,IM.NV08,33.61,-116.46,1.97743217128
4489137,TA.S22A,32.89,-117.11,4.46119692234
2839358,IM.NV04,33.61,-116.46,3.25844842545
3996084,TA.S22A,32.89,-117.11,1.85977308256
3278371,IU.TUC,34.95,-106.46,4.94315296751
2847934,CI.SCZ2,34.55,-117.43,4.49684709062
2719048,AZ.MTRP,33.62,-116.47,4.8182406486
2847826,CI.MUR,34.55,-117.43,4.95053010342
3180586,TA.E04D,48.72,-122.71,8.3709296795
3343246,CI.PDM,34.55,-117.43,3.40101253666
3782344,AZ.SND,33.62,-116.47,4.36186084179
3320857,IU.ANMO,34.95,-106.46,3.47521567684
3278371,CI.GRA,34.55,-117.43,4.89106607634
2849698,CI.RPV,34.55,-117.43,4.88777328114
4808099,UU.TCRU,39.82,-110.54,6.52279835223
609301,QUAKE,-22.145,-176.72,7.8
609301,II.MSVF,-17.74,178.05,6.91494199138
4311182,QUAKE,26.091,-110.321,6.6
3443289,QUAKE,25.127,-109.574,6.0
2193993,QUAKE,28.23,-112.126,6.5
4311182,CI.BBR,33.64,-116.40,7.65731155755
2193993,CI.BAR,34.55,-117.43,nan
2193993,II.PFO,34.95,-106.46,7.40357459396
4311182,IM.I57H4,33.61,-116.46,11.0216842604
4311182,AZ.TRAN,33.62,-116.47,7.45985905357
4311182,AZ.TUBB,33.62,-116.47,7.64297561211
2193993,CI.RPV,34.55,-117.43,7.10194412255
4311182,IM.I57L3,33.61,-116.46,11.2123549581
4311182,CI.GMR,33.64,-116.40,8.75884905902
2193993,CI.VTV,34.55,-117.43,7.19995489
2193993,IM.TX31,33.61,-116.46,5.61506104066
2193993,AZ.SMER,33.62,-116.47,6.69289202658
4311182,CI.BAR,33.64,-116.40,8.38859598743
4311182,AZ.IWR,33.62,-116.47,7.44512927614
2193993,CI.PDM,34.55,-117.43,6.74747695644
4311182,AZ.GARR,33.62,-116.47,8.82313952806
4311182,CI.MUR,33.64,-116.40,8.481764515
4311182,AZ.SETM,33.62,-116.47,7.82424148232
4311182,AZ.MONP2,33.62,-116.47,7.09473461605
4311182,AZ.MTRP,33.62,-116.47,8.14347831294
2193993,CI.SDD,34.55,-117.43,7.15105529185
2193993,CI.OSI,34.55,-117.43,nan
2193993,CI.SMM,34.55,-117.43,7.00350554606
4311182,US.MNTX,29.33,-103.67,6.57705159526
2193993,AZ.SCI2,33.62,-116.47,9.16475347111
3443289,IU.SLBS,23.69,-109.94,4.53234184265
4311182,AZ.SND,33.62,-116.47,7.62550280759
2193993,CI.SVD,34.55,-117.43,7.25859948764
4311182,CI.SCI2,33.64,-116.40,8.83622380181
4311182,AZ.CRY,33.62,-116.47,7.55069429492
4311182,AZ.BSAP,33.62,-116.47,8.23382491892
2193993,CI.BC3,34.55,-117.43,7.17789850449
4311182,AZ.BZN,33.62,-116.47,7.5332774913
4311182,CI.SVD,33.64,-116.40,8.4391834609
4311182,CI.GLA,33.64,-116.40,nan
4311182,IU.ANMO,34.95,-106.46,8.50972261561
2193993,CI.CIA,34.55,-117.43,6.93875963142
2193993,CI.MPP,34.55,-117.43,6.82088141993
3443289,US.MNTX,29.33,-103.67,6.10250011646
4311182,CI.DGR,33.64,-116.40,7.62158483964
2193993,CI.VES,34.55,-117.43,6.53922810574
3443289,TA.Y22D,27.06,-98.68,8.50834262351
4311182,TA.121A,32.89,-117.11,8.37801776208
4311182,AZ.SCI2,33.62,-116.47,7.6323623647
4311182,US.WUAZ,29.33,-103.67,6.28858973822
4311182,CI.DAN,33.64,-116.40,7.37806359819
4311182,AZ.LVA2,33.62,-116.47,7.45786003853
4311182,TA.TPFO,32.89,-117.11,7.94165924838
4311182,AZ.SMER,33.62,-116.47,7.22073167538
2193993,CI.MWC,34.55,-117.43,6.98867437027
4311182,TA.833A,32.89,-117.11,9.00682676215
4311182,II.PFO,34.95,-106.46,7.07642062331
2193993,CI.BBR,34.55,-117.43,7.08942466078
3443289,CI.IKP,32.68,-116.67,8.17159305771
4311182,TA.214A,32.89,-117.11,8.08972508136
4311182,IU.ANMO,34.95,-106.46,8.50972261561
4311182,TA.Y22D,32.89,-117.11,8.63291545481
3443289,IU.TUC,23.69,-109.94,3.59218932995
2193993,CI.DAN,34.55,-117.43,6.71761570312
2193993,CI.CWC,34.55,-117.43,6.83712279636
4311182,II.IASL,34.95,-106.46,7.1252719009
2193993,CI.SWS,34.55,-117.43,6.93955992912
3443289,TA.833A,27.06,-98.68,9.0843893898
4311182,CI.SDD,33.64,-116.40,8.42955693611
4311182,IU.TUC,34.95,-106.46,7.76064050273
2193993,CI.SBC,34.55,-117.43,6.95079344596
2193993,CI.BEL,34.55,-117.43,6.68265748163
2193993,CI.DEC,34.55,-117.43,6.85911723121
3443289,AZ.TONN,33.39,-115.79,8.00709850827
4311182,CI.IKP,33.64,-116.40,8.65327230494
2193993,CI.IRM,34.55,-117.43,6.89888814147
2193993,CI.ADO,34.55,-117.43,7.29751147193
2193993,CI.DGR,34.55,-117.43,7.22287487804
4311182,IM.I57H2,33.61,-116.46,11.0305329683
4311182,CI.SWS,33.64,-116.40,7.68489357665
2193993,CI.MUR,34.55,-117.43,6.94917901959
2193993,CI.SLA,34.55,-117.43,7.17283452221
4311182,IU.ANMO,34.95,-106.46,8.50972261561
2193993,CI.FMP,34.55,-117.43,6.94164294667
4311182,IM.I57L2,33.61,-116.46,11.2234379341
2193993,CI.VCS,34.55,-117.43,6.98882103737
2193993,CI.PLM,34.55,-117.43,7.34028958122
4311182,CI.PDM,33.64,-116.40,7.36156258304
2193993,CI.BAK,34.55,-117.43,7.08262405415
4311182,IU.TUC,34.95,-106.46,7.83058125808
2193993,CI.ISA,34.55,-117.43,nan
2193993,IU.ANMO,34.95,-106.46,7.70071063373
2193993,CI.USC,34.55,-117.43,7.28169894966
2193993,CI.GSC,34.55,-117.43,nan
4311182,IM.I57L4,33.61,-116.46,11.1990037607
4311182,AZ.TMSP,33.62,-116.47,7.11109089967
2193993,II.PFO,34.95,-106.46,7.40357459396
3443289,IM.TX31,29.33,-103.67,5.60212708251
3443289,CI.BC3,32.68,-116.67,8.08730014424
4311182,TA.W18A,32.89,-117.11,8.12944036425
4311182,CI.IRM,33.64,-116.40,8.14811536065
3443289,TA.121A,27.06,-98.68,8.59486426941
2193993,CI.SCI2,34.55,-117.43,8.69600839828
4311182,AZ.TRO,33.62,-116.47,7.53940622691
2193993,AZ.CRY,33.62,-116.47,6.85375080241
2193993,TA.109C,32.89,-117.11,7.04845973557
4311182,IU.ANMO,34.95,-106.46,8.50972261561
3443289,CI.SWS,32.68,-116.67,8.01473568397
2193993,AZ.CSLB,33.62,-116.47,6.71043889578
2193993,CI.RRX,34.55,-117.43,7.08612550248
4311182,IM.I57H1,33.61,-116.46,11.0309756717
2193993,AZ.KNW,33.62,-116.47,6.72725689351
2193993,CI.GLA,34.55,-117.43,nan
3443289,CI.GLA,32.68,-116.67,nan
4311182,AZ.HSSP,33.62,-116.47,8.34653638914
2193993,CI.GRA,34.55,-117.43,6.65113455355
2193993,AZ.BZN,33.62,-116.47,7.08695161499
4311182,AZ.TONN,33.62,-116.47,8.60424565075
2193993,AZ.WMC,33.62,-116.47,6.94701770211
3443289,IU.TUC,23.69,-109.94,3.59218932995
2193993,IU.ANMO,34.95,-106.46,7.67346016741
4311182,CI.NEE2,33.64,-116.40,8.60481259787
2193993,AZ.SND,33.62,-116.47,6.89332251911
2193993,AZ.RDM,33.62,-116.47,6.83417628065
3443289,AZ.MONP2,33.39,-115.79,6.68779742136
2193993,CI.SCZ2,34.55,-117.43,7.90024339484
2193993,CI.DJJ,34.55,-117.43,6.97335440938
3443289,TA.W18A,27.06,-98.68,7.92334428987
4311182,AZ.PFO,33.62,-116.47,7.34309886495
4311182,CI.BC3,33.64,-116.40,8.57986583714
2193993,CI.TUQ,34.55,-117.43,6.64984525077
3443289,TA.214A,27.06,-98.68,8.33653650068
2193993,CI.ARV,34.55,-117.43,7.91655105193
2193993,AZ.SOL,33.62,-116.47,6.47352257241
3443289,CI.PDM,32.68,-116.67,6.63384409977
4311182,AZ.RRSP,33.62,-116.47,7.63266355617
4311182,AZ.RDM,33.62,-116.47,7.57119723087
4311182,IU.ANMO,34.95,-106.46,8.50972261561
4311182,AZ.KNW,33.62,-116.47,7.28058054483
4311182,AZ.FRD,33.62,-116.47,7.63840005891
4311182,AZ.CPE,33.62,-116.47,7.08873324585
2193993,AZ.LVA2,33.62,-116.47,6.93990235401
4311182,CI.BEL,33.64,-116.40,8.82733057595
2193993,CI.MPM,34.55,-117.43,9.36019842137
2193993,CI.LRL,34.55,-117.43,6.92788204747
4311182,CI.PLM,33.64,-116.40,7.41470602724
2193993,CI.BFS,34.55,-117.43,6.76242737503
4311182,IU.SLBS,34.95,-106.46,8.20802862063
4311182,IM.I57L1,33.61,-116.46,11.0898353208
2193993,IU.TUC,34.95,-106.46,8.05420208902
2193993,AZ.PFO,33.62,-116.47,6.69843923507
4311182,IM.TX31,33.61,-116.46,7.03745210411
4311182,IU.TUC,34.95,-106.46,7.41560340226
2193993,IU.ANMO,34.95,-106.46,7.67346016741
4311182,TA.109C,32.89,-117.11,8.3880732492
2193993,CI.CHF,34.55,-117.43,6.98656583226
2193993,CI.SHO,34.55,-117.43,6.74649132943
3443289,CI.BAR,32.68,-116.67,nan
2193993,CI.EDW2,34.55,-117.43,6.66285996025
2193993,CI.FUR,34.55,-117.43,6.83970482821
2193993,AZ.CSLB,33.62,-116.47,6.71043889578
4311182,AZ.WMC,33.62,-116.47,7.53955933415
2193993,IU.TUC,34.95,-106.46,8.05420208902
4311182,AZ.SOL,33.62,-116.47,6.85237211299
2193993,AZ.FRD,33.62,-116.47,6.94589888315
4311182,IM.I57H3,33.61,-116.46,11.1767296351
